110
TestCase-1
2
361819907 382698219 382698219 382698219
382698219
TestCase-2
74
13912409 14300389 14880591 16991278 27084730 30270793 50314262 50911810 72125585 80403889 91223050 111117601 136237937 150304890 151433630 152430627 153833569 186956100 226105426 243449416 246312730 296395296 306580500 313461003 344072864 372534594 375673786 385446129 427735822 435961985 441349910 446018761 453303078 468356561 481163839 518404210 551863387 561065726 561984904 568519711 583266244 592875657 594932815 612914480 628946108 637269117 656239398 661641838 663622179 681923962 688831236 689913736 693051326 707522784 716984082 722380954 765365969 799529750 823788074 836431956 836702509 838737943 850660935 892940638 909537811 921151169 923333581 939767497 947916258 956566431 961306732 977770190 990672543 992344470
765365969
TestCase-3
63
28201335 42726994 49666228 72911435 79577886 122008755 124090133 145388571 154499506 155578497 165205496 169238644 180622612 194392845 203020817 206370424 218865860 223165274 238216357 241837584 256577535 270208672 276703258 315818176 341180254 378772495 417158695 431818863 450564140 452218880 455791979 457152072 457152072 457152072 457152072 457152072 457152072 457152072 457152072 457152072 457152072 457152072 457152072 457152072 457152072 457152072 457152072 457152072 457152072 457152072 457152072 457152072 457152072 457152072 457152072 457152072 457152072 457152072 457152072 457152072 457152072 457152072 457152072 457152072 462401004 479188263 485455167 487900336 487950501 491479732 501442635 530037059 530705845 543278441 578248070 623519636 652220589 684018145 723844347 725234280 749692092 783843639 788098193 830771952 834468952 845967158 869642133 875223387 886721043 899478485 901855799 949016745 965454891 966332285 971750260
457152072
TestCase-4
55
20786854 21228074 72985382 77020284 83191106 88938943 108486204 120900648 144529139 158812010 210777828 228872836 238893542 259944884 267826465 268534659 271273290 283914700 287398865 330990894 335725921 347493659 357655063 369563843 384501388 422109184 483592784 503165662 535936960 559611612 585913229 589049533 595944212 638800111 659121064 666995248 669358622 702344910 709312987 815813723 818128416 829511182 833648711 836541487 859641231 883208582 883427056 896646066 915295493 926230506 949956132 953340017 956282473 977893888 996479998
120900648
TestCase-5
13
2918352 71283405 84411291 126123067 194023808 231526190 260452120 260452120 260452120 260452120 260452120 260452120 260452120 260452120 506483956 568471684 736596519 855999949 885406093 897990282
260452120
TestCase-6
17
5168949 12541505 23549917 72633391 149347639 229405797 300028508 300906254 396297609 425515397 579581979 583250905 591629434 599160769 694430472 797942057 919764689
599160769
TestCase-7
29
2383411 43230844 56793223 57745845 61525619 74167254 95194609 98579958 210707769 242223147 244075177 486763025 510512742 575923082 578915019 578915019 578915019 578915019 578915019 578915019 578915019 578915019 578915019 578915019 578915019 578915019 578915019 578915019 578915019 578915019 607785479 624159749 627733661 645803841 649395680 739528205 753590460 770580508 779261706 797893285 806927616 898578723 947924054 952248329
578915019
TestCase-8
58
22472821 26669008 121108036 126629042 126763872 178997988 206352934 208024381 227916945 265808552 306047095 331248139 339371441 351219844 366521294 368564874 380000330 393650497 398681654 424576890 455952788 458664892 517094171 521105500 541764186 547694053 548351619 552840140 609729704 639403284 643034270 643493181 644354675 674089185 677902213 738474908 741532824 745410489 755495294 792601013 807453346 811208681 837527158 854894190 875048592 880484682 881686922 889176445 892791357 916988130 921239998 922113790 938258096 950224990 970647176 974194210 979782135 986409719
547694053
TestCase-9
45
31598230 41353601 43601799 48696451 53067607 71908244 98488313 115019179 165395450 168528676 196578888 213881846 229076135 250766396 273509719 299105796 323361116 350780253 375871101 376120143 379765416 389199894 410796275 410796275 410796275 410796275 410796275 410796275 410796275 410796275 410796275 410796275 410796275 410796275 410796275 410796275 410796275 410796275 410796275 410796275 410796275 410796275 410796275 410796275 410796275 410796275 416371660 423067560 425361027 487556243 534668921 539399696 543079186 567270997 567954015 631157135 635588464 661411261 698246532 717955510 751023808 773120539 807838987 857122656 872263208 872332165 949112160 959527741
410796275
TestCase-10
72
9756222 16051671 77554179 83278248 86424687 87248428 112652830 126699994 144599977 160035898 172860777 180658022 229712075 247509269 254757784 301124469 308417185 309608346 330621941 346009853 355671918 383623477 394825282 407077434 408704885 432028852 465036855 475020434 480080217 510694485 524925099 551898750 553542986 559467890 605968903 624213887 627866694 629336841 638247272 642171581 643162993 650727372 651935238 658376734 659594770 664721050 675974283 693898863 706626982 715865336 727507523 760454218 773130880 784561165 810474785 841876805 851577567 852469853 865711812 886330575 890757239 896796089 916099375 919226440 925587105 937949351 938380835 961730437 963153394 978680095 981407500 981910794
475020434
TestCase-11
14
26469505 70266298 98360265 180448154 237485559 354299626 538371984 588086597 588086597 588086597 588086597 588086597 588086597 588086597 588086597 588086597 622232634 671962139 729939752 752171367 784594382 864326791
588086597
TestCase-12
65
33807915 54451912 56025352 61310813 70752114 76587679 84149647 101614689 128633292 149698704 160035208 172631892 195868805 213753602 228347780 244711641 254437274 260537956 268492453 294175964 314510201 316208762 358183670 362573425 414495966 436155649 437879179 444250276 451302027 460496039 476102864 486144557 486889683 495572530 529089548 604021101 620414721 627981722 628112669 636015059 649016904 662894683 665599275 703019916 721168225 722960544 731461551 761964075 784996983 792009610 792153744 797277144 811392557 840787207 840927994 842343471 842649861 863513185 865943155 874827896 881572467 887863910 926158203 965353200 986514918
986514918
TestCase-13
70
768388 44829031 54446661 55824656 93003308 102716957 109364204 115138389 123088550 123711733 133659445 188520920 202065104 207331873 234167578 243065102 245447852 254944375 264031299 271647724 302036591 306802672 322989766 325958791 330793622 332245151 335193791 335726539 346630678 372911693 378244867 385847249 387887650 388710572 408488892 455903250 455903250 455903250 455903250 455903250 455903250 455903250 455903250 455903250 455903250 455903250 455903250 455903250 455903250 455903250 455903250 455903250 455903250 455903250 455903250 455903250 455903250 455903250 455903250 455903250 455903250 455903250 455903250 455903250 455903250 455903250 455903250 455903250 455903250 455903250 455903250 455903250 463753221 469538461 469570667 473314669 477722582 493071163 517239592 539319469 545138546 560136818 562526003 582049387 587345030 627369858 635650974 641513276 643433781 657690144 716735847 726531854 776108850 797079607 798476362 805345571 827175885 856624702 873912404 882730858 907199405 912482455 919161483 981893523 989577158 990965849
455903250
TestCase-14
47
37571434 65219608 75628444 140286973 162429878 163744625 186687961 245951466 272961538 319582356 327347458 364105209 369344251 383661661 399643364 413031193 490003246 490362011 572667738 638826786 653346152 682545004 695536105 714471367 725952759 744966798 759781262 759921549 768048943 780520250 791395036 796755159 801566545 816392155 816857381 817378187 820352168 826334646 866000094 883029279 895837753 900674721 922873102 942431457 972380368 979115004 990785997
895837753
TestCase-15
56
1570698 6592017 23620748 72068402 73045675 115232884 126635268 129273355 137511799 151756093 167306676 182828852 183883381 187052546 218085950 243508032 261236999 313721244 313754992 316199993 339838098 356712836 382416261 390352579 428374595 432047348 448724275 459295419 496595849 496595849 496595849 496595849 496595849 496595849 496595849 496595849 496595849 496595849 496595849 496595849 496595849 496595849 496595849 496595849 496595849 496595849 496595849 496595849 496595849 496595849 496595849 496595849 496595849 496595849 496595849 496595849 496595849 496595849 504626660 527077745 533792499 576923380 585742337 590160896 620548844 621032206 657875969 704950097 743414251 776325190 789735326 798578050 802257828 807660515 809209500 837027950 854631654 891984893 897758998 911506918 915897167 920737380 937221592 964256467 982058077
496595849
TestCase-16
62
33287859 46326384 48157889 51331265 75661718 101050461 117193292 134260146 135682418 147566331 177307786 202561699 209275284 214834453 224811069 229689865 230882014 253094752 276310495 296611050 300225165 327141791 328131826 402626691 418334222 443286771 458169186 460962493 533803715 534121970 534131070 543899363 545112486 553789698 559649647 601952738 610609026 618078258 631176229 654330664 658798074 692452629 703667886 704729324 724747370 752288439 754051939 766061040 771841040 772556008 776616149 785375331 792059077 824574137 839747479 856228595 876663293 911423663 918689205 945134443 947554989 997561909
214834453
TestCase-17
58
602579 30165566 37281283 40086399 43765618 56278212 105471452 119871395 144096265 153502267 164488095 168355295 170020630 194559774 255066977 294159128 308264920 329581701 367248103 418604641 448951938 496764190 535576342 562196655 588282575 625136962 651407592 662353581 665756736 675994619 675994619 675994619 675994619 675994619 675994619 675994619 675994619 675994619 675994619 675994619 675994619 675994619 675994619 675994619 675994619 675994619 675994619 675994619 675994619 675994619 675994619 675994619 675994619 675994619 675994619 675994619 675994619 675994619 675994619 675994619 689742101 695506227 698968261 714131183 720279202 727789829 728735262 766631638 770333888 771601689 779041398 798754481 810012180 844312781 845860313 850569750 868275867 871630554 880292806 893853792 900343507 953416690 957392725 966880989 968378289 976136098 984409630 990331958
675994619
TestCase-18
80
25243441 44958609 52506613 57990322 64754196 66850665 67958732 75745555 92102867 139385072 156061224 164543023 164990245 197305232 235674276 241801506 241813747 246105195 267487939 270758732 271321169 309893894 323626648 328838519 329264483 358315008 358889682 392135959 392729681 400762293 424913179 426799419 428152098 445343131 449572247 473260615 510642836 522292153 522805244 532238647 549370840 550824742 556444553 557524202 576877304 593875003 600670081 600765134 603721644 606555466 618832582 619038837 621266977 622144090 635710958 667871694 676543595 704011476 705865622 717446528 721603623 728907602 783453992 786393364 795583955 819343830 836374160 847668642 863702192 879012833 905497377 914134872 914581274 916790933 934642572 936343616 944262557 948484863 976585367 978979270
914134872
TestCase-19
5
46169382 100531116 387023589 387023589 387023589 387023589 405526684 407850143
387023589
TestCase-20
61
25504924 39173249 46316593 55682596 93051973 114479949 118962417 119284459 123715801 126680046 130923221 200826975 212584771 217028611 222121112 273117117 290500097 300259134 305426564 308616776 349052349 364223844 376102928 385076883 402035652 457535048 460119090 474846038 491328671 496211157 508713543 527570950 531299679 546167237 581645047 607791159 618813529 647709820 648198435 658943145 659783728 697624146 707885185 729209584 736209533 763102274 774737443 780559256 780628712 812089996 845838829 852666549 861103213 894277114 908111478 924232855 959854522 961331291 972605444 981731092 984804584
118962417
TestCase-21
57
11814624 38932907 54258049 74103977 126938895 135738639 137852154 181434284 202445866 213941894 231634448 241341523 251503404 319278117 325852097 338127222 364604932 375206201 379471025 391602688 393010134 421480112 434069109 436680700 440195173 441916432 447137499 491444642 535757170 535757170 535757170 535757170 535757170 535757170 535757170 535757170 535757170 535757170 535757170 535757170 535757170 535757170 535757170 535757170 535757170 535757170 535757170 535757170 535757170 535757170 535757170 535757170 535757170 535757170 535757170 535757170 535757170 535757170 583847964 619174399 623433867 624761575 646624352 675782608 677385756 735936194 735999945 750985564 768367403 778519893 801571329 813509959 818412585 821903804 827483478 833244540 843452481 853264297 858198168 889581864 894350208 921416545 927513911 972683593 979835985 988294273
535757170
TestCase-22
58
2637670 51884244 60204397 78217828 104736081 106149145 130572039 147311424 150085288 176891221 202236028 205573198 207919275 218985723 273297587 282337749 287630287 290483805 305048231 317505271 389972192 410732076 423804956 430699896 433596201 449603116 469604885 482972667 525828665 540352428 554867767 583660022 602337375 612393100 612496312 634529184 637297080 714479248 730805911 768523691 782498912 801424297 823449514 860855222 873002722 902304275 918887454 924260603 929390633 938438819 957361529 958514318 961454121 962270624 963789727 977420630 983682653 998124256
205573198
TestCase-23
62
25520958 38071290 54459156 76222495 191352234 234971571 235753360 244938023 249529577 251986308 255602955 265818070 269246097 274198730 323038503 324704229 366569450 368063633 373835195 377164553 391222058 394413271 395594229 433299148 434369867 438153660 458511182 460434718 493414770 503514848 518759251 551724328 551724328 551724328 551724328 551724328 551724328 551724328 551724328 551724328 551724328 551724328 551724328 551724328 551724328 551724328 551724328 551724328 551724328 551724328 551724328 551724328 551724328 551724328 551724328 551724328 551724328 551724328 551724328 551724328 551724328 551724328 551724328 551724328 572625350 585873243 590519169 642892188 663002529 675795590 715199953 719751075 720413353 742728768 762297748 794595355 801441200 806711041 817688337 822413039 843660900 868698050 876724182 898666009 913211496 915949219 931159912 954294722 963280540 963513973 970970468 974531176 996053604 997970753
551724328
TestCase-24
68
33253406 34156515 65378813 74536073 115974638 120598713 135495465 140519894 151073144 156250497 156715945 158693394 198627130 212554780 214228403 217824241 222338676 228464026 264315239 267087983 267471283 268467036 292815227 310821286 351785347 373558529 374734364 383699662 400786234 407874096 408373589 433621089 460694079 490385281 492168396 527981836 539225610 545890003 581518141 583588899 626148245 631896191 636002147 637477090 667635027 696941432 706342149 716395619 726847726 745967287 747081344 749464184 786767134 789327925 799425601 829755841 840135552 845642086 848229500 869824734 871050828 876125374 889235632 916646098 946676890 947919388 968683328 986744172
292815227
TestCase-25
75
6746107 7941721 23028683 33409099 40764853 68819326 71793384 72387318 93995339 98454562 102057265 114452437 138315386 178366146 181335247 182911424 197276237 199492739 202299884 229189858 237856542 241426066 241865906 271467073 283321151 328431358 332642491 346299013 346399484 358712365 368216617 377325865 380107991 381966961 427947015 435216357 453774260 468328101 468328101 468328101 468328101 468328101 468328101 468328101 468328101 468328101 468328101 468328101 468328101 468328101 468328101 468328101 468328101 468328101 468328101 468328101 468328101 468328101 468328101 468328101 468328101 468328101 468328101 468328101 468328101 468328101 468328101 468328101 468328101 468328101 468328101 468328101 468328101 468328101 468328101 468328101 499120791 511253288 513226905 525685254 542958540 557830627 579207442 586259084 655157047 665481281 678002046 687897033 689283702 697622043 698063134 698236414 702433441 713048193 734713689 741282452 780337446 791748897 797174428 806532981 810596918 812595160 813147300 823750555 862964121 900093889 913731668 922236911 926878093 947202575 971510509 978652154 980408003
468328101
TestCase-26
48
12093852 31029838 57066566 64089962 64970539 74751603 116877331 130003392 146083268 146131407 170937090 199941369 207705502 273412074 284235201 293895972 313430485 347399780 361240327 365831199 405651033 429615403 440007781 450636604 452892431 473604833 491937222 510075166 562793760 605874118 692011690 698575788 698913023 710037404 776497667 783916867 784377896 797844220 799222598 803210497 807402797 811255309 812313387 821621187 825070486 884149491 933259009 992698142
361240327
TestCase-27
8
135378806 199205946 202122517 336593892 392944190 392944190 392944190 392944190 392944190 392944190 398013336 531065569 892316650
392944190
TestCase-28
12
7540643 30048693 107426169 237450197 250965856 282575739 414467477 463016393 524365151 568801034 662706712 869695740
414467477
TestCase-29
72
5958687 12561778 15959993 28606644 31678388 32500288 48646296 53394154 67233954 78243934 117459080 127252589 141721200 169591236 172917722 191426057 252416141 267346742 273927264 276351897 307598614 310226741 370438421 373193822 375925863 380562990 387769684 418707090 427784315 428550560 435163410 443290013 451427457 463109932 471223548 471405117 488151196 488151196 488151196 488151196 488151196 488151196 488151196 488151196 488151196 488151196 488151196 488151196 488151196 488151196 488151196 488151196 488151196 488151196 488151196 488151196 488151196 488151196 488151196 488151196 488151196 488151196 488151196 488151196 488151196 488151196 488151196 488151196 488151196 488151196 488151196 488151196 488151196 488151196 515304591 537694592 539366688 550895711 554099332 554828274 562541721 563125050 568184826 582955218 601454581 604934180 607274953 636254599 645819810 649292731 704883790 717354955 746564167 767847462 779752860 811227541 849202487 869127682 882858150 886129369 895234172 913031535 916006015 927694550 933151812 945974507 949263155 995622464 997216516
488151196
TestCase-30
22
21298336 102973521 106810181 170152488 257071877 258001858 426070731 531954409 570823512 591382516 608948628 636167174 711092788 711568484 721719709 856213453 869609122 880368048 938319111 946806541 979826615 997739996
608948628
TestCase-31
62
57124544 70560259 88489991 125932386 135710513 166651671 171918243 182029944 189649463 189712304 198568127 215469457 224020298 230651319 282536295 305631395 325476313 336741731 339373773 339987160 367801501 405366292 426795287 427318145 429218986 438460647 500197034 502526217 503589332 517325086 550271638 552549524 552549524 552549524 552549524 552549524 552549524 552549524 552549524 552549524 552549524 552549524 552549524 552549524 552549524 552549524 552549524 552549524 552549524 552549524 552549524 552549524 552549524 552549524 552549524 552549524 552549524 552549524 552549524 552549524 552549524 552549524 552549524 552549524 556182350 564227102 569562526 582207637 622469816 646297529 648542079 667496069 677950898 703695540 715578949 718450123 721555779 749919620 774525558 793802575 804731199 824259046 843581665 879918703 890579274 891018959 896641578 917218433 919051345 922175447 936135877 966268814 980613950 996071502
552549524
TestCase-32
8
69137974 376350018 453130086 531688288 831842131 898441763 929406343 951990749
453130086
TestCase-33
48
18400958 87589985 91768328 133576564 154265867 158391604 203867906 208901186 219074307 236080356 245313483 267825912 283939665 287867237 323437687 338518156 341307989 364629636 366009744 391071716 419514344 425536309 430230898 443984816 469756214 469756214 469756214 469756214 469756214 469756214 469756214 469756214 469756214 469756214 469756214 469756214 469756214 469756214 469756214 469756214 469756214 469756214 469756214 469756214 469756214 469756214 469756214 469756214 469756214 469756214 481974008 495720232 559033459 568092142 573370922 625792454 645785553 659713528 666455209 674585442 703707151 705200580 714885684 741362267 786529573 816044522 825925630 844129918 861843373 870132980 915625167 965416964 972352324
469756214
TestCase-34
76
19736625 50816753 55343172 66097579 80632610 84054116 132107034 157069820 157488326 174088361 186900162 192300401 197116177 223370975 237167819 237458443 251240389 254387834 295087084 304053712 306280063 311320583 317839195 319398146 330888416 344872557 352153882 355041528 359288513 369988220 384765600 384933811 386216312 407816422 409521962 411381983 423372944 424597843 425653764 429232522 439330529 454140405 456628704 459290650 460451078 466318324 468442769 473097476 481160914 493372694 497717693 532285561 538688743 556664149 564967458 567615448 577210626 593529706 600215253 630553091 633452447 641501547 661455167 695968379 705861877 708032906 720761833 796727755 801078424 833344873 853098618 870133820 871919006 909300042 942019860 965538096
223370975
TestCase-35
57
21669450 24879393 25566691 26585910 59766050 63286931 71375345 83221557 93928984 95298983 123173385 156530395 182026636 207910569 225272669 231559180 241569706 278106784 349229498 376549216 404281809 409702280 416575503 416961754 420516013 467502505 468577081 477366976 531609200 531609200 531609200 531609200 531609200 531609200 531609200 531609200 531609200 531609200 531609200 531609200 531609200 531609200 531609200 531609200 531609200 531609200 531609200 531609200 531609200 531609200 531609200 531609200 531609200 531609200 531609200 531609200 531609200 531609200 540664790 579785455 614610025 614917530 622444162 626866962 655246135 684527008 694882320 701525022 717324290 738537853 742467230 754673584 755012317 778915597 784085840 791619910 803870905 868478981 875242829 893807919 935695705 955579919 967943635 968917452 972427418 994312484
531609200
TestCase-36
23
101167050 141807662 222471406 242113936 250789510 288269863 294342963 307697417 309220400 367996327 385325002 399962920 437653812 441531835 463001078 573607992 696820512 768108394 783671329 852689092 903228974 937369564 979033214
101167050
TestCase-37
19
16321298 111370355 182291476 240770252 323554893 444383663 450699390 511756449 523028453 547700839 547700839 547700839 547700839 547700839 547700839 547700839 547700839 547700839 547700839 547700839 651943976 657229187 663576677 674654776 692783521 768240324 799924291 860140374 878859182
547700839
TestCase-38
52
36501313 40737112 65914522 69055105 69179073 73215336 82432035 85506604 87558766 113077651 144269038 159223075 164840364 172965889 193373185 251045374 251377158 259835120 261638559 333051831 397539411 400239513 403087321 476689045 532641232 550226539 576950436 581290928 625176755 628105859 669462366 725418714 754518063 771041891 781514233 783492250 817257419 822032079 863307376 871102912 880503577 904760839 909580429 917630861 953215150 957960945 962223120 970547431 971064677 978280880 983605469 991696333
725418714
TestCase-39
38
47975 9597603 10184704 17259164 18407344 25310318 78658377 81834738 82914955 109933338 162198430 175400731 237400411 240323293 241009451 315426678 346225177 352747137 353102507 366968692 366968692 366968692 366968692 366968692 366968692 366968692 366968692 366968692 366968692 366968692 366968692 366968692 366968692 366968692 366968692 366968692 366968692 366968692 366968692 366968692 368158075 398132665 405924203 433284212 459641338 571433288 615976989 624563597 734533829 736203495 744244278 856809055 882856290 916181777 924001991 954153397 954201281 982175615
366968692
TestCase-40
53
31069884 39470269 42141441 46558636 47735255 66223609 105312252 106854114 171403845 194421252 201028885 217616413 231342093 248887482 259769795 277415300 280816676 312996792 339699179 379041213 392504700 410505275 442122043 444362720 447147596 462192799 501336114 504833003 513624075 527655755 544849264 560340324 580261292 596877915 631928363 660216488 705645244 710425880 725191434 725672799 775819234 783318028 791832731 795987500 803981870 807855072 811365551 836499199 914810175 935589036 985928594 987506743 996256388
379041213
TestCase-41
13
285058853 344679780 486025409 634741952 641573944 647551851 660698899 660698899 660698899 660698899 660698899 660698899 660698899 660698899 662968172 670587393 721230108 731996689 778415116 848555738
660698899
TestCase-42
3
317644314 567155252 629411172
629411172
TestCase-43
63
6920140 14246387 32586260 41646688 113173320 140783238 148600577 150383686 173794242 180886983 183231172 193636317 193922048 202940769 209929171 216447927 235871945 259117589 285905381 300837173 312983165 331457718 348066522 384978972 431800515 442829286 457739964 472413791 474728893 487531858 496938628 502337161 502337161 502337161 502337161 502337161 502337161 502337161 502337161 502337161 502337161 502337161 502337161 502337161 502337161 502337161 502337161 502337161 502337161 502337161 502337161 502337161 502337161 502337161 502337161 502337161 502337161 502337161 502337161 502337161 502337161 502337161 502337161 502337161 506908462 514012936 559098708 559825334 573565918 582309700 641107910 688192549 696084385 704016929 715355280 723707197 725958369 728593499 731856596 780034167 786955695 796512990 829445153 848883994 873672856 889146563 891470779 913074437 921027472 941705062 956749382 960841322 971952641 975657035 995471183
502337161
TestCase-44
36
11367967 24737166 31871746 56753205 80208310 97770961 98158768 103087114 153395347 177355264 178176760 238103309 285455638 307169568 317779329 339660937 360438745 427473622 459318703 490365084 494787802 585023360 591811775 592707276 609105074 659379333 729356208 781089435 787829636 811840939 902945873 918433732 921497960 926313150 933022577 974786025
490365084
TestCase-45
9
66350533 147129899 232537924 389782750 472388653 472388653 472388653 472388653 472388653 472388653 479953562 641256643 785002780 977155609
472388653
TestCase-46
51
29555744 67217239 89298981 103555877 144322596 199697754 200541686 228786113 248492277 251178540 260776791 287214909 295811548 310182618 320170915 339091813 394127728 411848533 430036575 444390576 447450111 449207323 457719065 465865261 469651595 478151168 529441321 537179775 596290168 604751266 667941948 675649512 692142135 698839021 739243968 747413049 758242456 764970425 779419405 782538737 790985086 798285601 820819879 862543493 904066709 909518321 916421383 970192711 973940160 988654737 993844647
798285601
TestCase-47
62
22266978 23908501 26341353 29090425 29539969 55698011 71886070 72487724 80464637 85861344 86145321 109129283 116651073 130512112 130600606 135865378 144478232 153674895 162666823 187390987 201230987 226523465 236240788 254345365 281665966 298981987 303572383 326466018 326825441 359331337 370141293 388872056 388872056 388872056 388872056 388872056 388872056 388872056 388872056 388872056 388872056 388872056 388872056 388872056 388872056 388872056 388872056 388872056 388872056 388872056 388872056 388872056 388872056 388872056 388872056 388872056 388872056 388872056 388872056 388872056 388872056 388872056 388872056 388872056 393185186 410612772 416706951 458271681 469704627 498801722 503361256 543986532 548567877 590212306 613159692 638974427 659959966 675721002 693137326 727518867 734577600 747982774 811214541 853463385 857777172 876592327 881562927 894709470 898065242 911705028 953548247 969335996 974620454 979902527
388872056
TestCase-48
33
4343044 7216970 66228460 80172443 84689868 97730141 254045584 257810120 265488775 305041475 323431373 403916917 483512379 494066636 518387381 547649907 564902400 576732685 593739508 663024059 683101062 694194557 721013100 732044645 751457472 787020710 788474913 789249144 798395474 802594548 873606832 901069845 925891736
593739508
TestCase-49
15
26688361 53726346 96444668 103684734 145945444 223158051 248252660 480326866 480326866 480326866 480326866 480326866 480326866 480326866 480326866 480326866 516363372 584725401 588080564 708369634 750914889 765994924 930730953
480326866
TestCase-50
60
3746162 25242374 46108952 47096075 62738381 102721990 109324234 110957060 121740579 130365530 147095969 160086875 174921588 184334291 191284726 197822007 201819628 213895499 224597545 228784831 232510617 233641194 240936865 241241474 255449365 299737290 304337857 307168325 333351155 376455803 415492998 426430041 437240530 463226543 497410096 558357926 565204234 602587445 624060923 624683266 654345276 658611783 688702263 710276689 725430711 737776201 742521810 812137082 830859468 837691140 862268434 873237491 876891166 918790630 920058988 923700854 928621161 940711455 940913851 958463162
437240530
TestCase-51
56
3507205 14676441 26583514 35232444 48763482 58560976 60794309 75859585 81343968 104490107 107769333 139499092 144825296 146329206 157239406 167694905 167744292 180254744 188537151 201653524 224668107 242742303 245127728 270703682 275358693 283092072 284042431 289577125 293442066 293442066 293442066 293442066 293442066 293442066 293442066 293442066 293442066 293442066 293442066 293442066 293442066 293442066 293442066 293442066 293442066 293442066 293442066 293442066 293442066 293442066 293442066 293442066 293442066 293442066 293442066 293442066 293442066 293442066 318651391 354760583 363567137 429011159 431170060 450668126 497998092 502156805 523103629 545908314 577859305 627919405 687101382 695116982 704056211 733852215 763910174 764619417 766261454 785497122 821680546 825495606 838376393 841758987 854600177 943749327 985395558
293442066
TestCase-52
19
2228579 43561392 57490465 85798191 254049417 297586607 383183761 456073540 589310802 615801522 617928554 623764648 641836383 643998542 742357986 793135441 853020044 898851463 980931527
617928554
TestCase-53
58
22123728 30045113 42640397 55306139 67172930 76000044 78394071 104815356 108491414 133776966 147787961 167051292 235705442 239954984 244213865 260714700 281002508 293638776 297466624 305531584 330554567 333039987 354668536 372892223 379701430 387657028 389129832 406191635 448463384 452203105 452203105 452203105 452203105 452203105 452203105 452203105 452203105 452203105 452203105 452203105 452203105 452203105 452203105 452203105 452203105 452203105 452203105 452203105 452203105 452203105 452203105 452203105 452203105 452203105 452203105 452203105 452203105 452203105 452203105 452203105 464258684 478208363 507500861 510999840 521364723 549794091 562002797 575008790 599939523 616390289 655907052 668939730 683300264 691436599 709262358 733232189 757440480 801118266 830579158 851946074 882019388 945976409 959863675 963745816 978947040 985386650 988159762 990616802
452203105
TestCase-54
45
9638910 19909187 50624051 74976941 77191388 104272903 151884904 151906841 177499803 183351176 187890825 199950407 202259589 203007671 213134533 267353888 272988517 273849194 296188873 307275508 407054057 410546037 412610632 471685510 479435680 480225356 482853038 493132972 554675456 701693548 716130762 729896650 762179558 775583492 789540094 805782718 851287848 862666863 883833751 890739572 898349915 899906956 903673928 973510875 983794591
973510875
TestCase-55
40
40042116 62232180 74435680 154870574 193225768 235723471 251073443 260814527 294701096 297793437 324553977 345923728 353428716 385797858 436381322 457368149 479859845 494304140 509657807 516745439 528302824 528302824 528302824 528302824 528302824 528302824 528302824 528302824 528302824 528302824 528302824 528302824 528302824 528302824 528302824 528302824 528302824 528302824 528302824 528302824 528302824 528302824 549065340 575164985 592741519 596078841 622875455 648201264 684724943 688313210 726488738 737835798 744131905 773125766 833430571 857912996 859883848 888660882 901873967 931156543 978972992
528302824
TestCase-56
59
32128116 43581245 46264706 109967180 147903442 157780883 190000186 208545810 209454642 219131112 226344330 242274034 258914545 280720675 303924630 319845162 332395999 353571917 367221033 372935404 373186274 378647566 395846830 396988417 405044972 416443549 431813103 434544651 435447476 454115825 461664742 473269176 475795891 481026295 527728583 540361844 543571214 549109838 607611508 626269536 636989606 659887521 672761410 685078133 690856188 702482540 744048580 747504630 781004911 786313843 808139559 821250818 840245198 855412241 857641519 866126805 902594807 985325478 994864746
659887521
TestCase-57
10
53965082 282500363 301735407 391427664 423158563 585524351 585524351 585524351 585524351 585524351 585524351 585524351 707528775 800209281 818483847 892432282
585524351
TestCase-58
15
163197169 186727618 274038893 353663910 492852344 534708961 542150652 576688397 595808098 647782111 731569287 771571204 779335446 787031635 916380799
595808098
TestCase-59
44
15596516 20906386 72902094 73739565 76917823 86960573 93584792 95647192 102971262 108064183 148146903 162072175 164127067 181652058 185439269 194300410 204623861 214115126 234882938 258086566 281806093 322077668 392807167 392807167 392807167 392807167 392807167 392807167 392807167 392807167 392807167 392807167 392807167 392807167 392807167 392807167 392807167 392807167 392807167 392807167 392807167 392807167 392807167 392807167 392807167 392807167 410736383 462020947 471569779 584171539 615417191 638147402 652128200 673549463 737494881 786358577 827971590 835779430 865501523 890095820 894296028 909023316 910307893 923777694 936426421 947617921 952789251
392807167
TestCase-60
10
17720866 26930658 112890633 316711864 387534460 503964624 540612243 632682113 797742175 887540697
316711864
TestCase-61
57
4570671 32348030 35868366 58990138 79343205 93692730 118369790 144238401 174974031 183840707 188486445 200928447 237298828 266463494 273050882 279977309 295613163 297906342 300813172 317767556 326531336 346579193 346942399 355011836 356643432 383697445 396227282 436890155 477941740 477941740 477941740 477941740 477941740 477941740 477941740 477941740 477941740 477941740 477941740 477941740 477941740 477941740 477941740 477941740 477941740 477941740 477941740 477941740 477941740 477941740 477941740 477941740 477941740 477941740 477941740 477941740 477941740 477941740 487527022 506242580 511973151 513904010 514943889 540539400 541717245 566954874 638963696 652651696 672804978 681225873 717395663 721579189 735525948 774313336 784543478 793791170 809736105 815924628 850351048 880869858 884939454 898299143 914206820 932210945 968566131 992354538
477941740
TestCase-62
55
7633641 11311056 13619110 19606634 28313953 54995115 62771779 63226035 82273372 89622919 123713265 139459111 166740552 185744733 216992606 221469996 235889593 247219538 248765913 262369765 272556747 299800177 333517249 353066213 431948282 432196419 457142969 474528291 486761957 512201477 525295571 540688540 549536835 563744227 584537272 593864736 602348895 622047537 683939391 684445148 690558495 722567350 723167793 755102192 797179618 812505625 819881138 830965911 832532828 881162126 897793287 899467718 945335968 981241883 995764064
549536835
TestCase-63
78
2548443 11547150 43438537 45425666 67883454 75926893 78923455 114533226 145169430 157629223 160954584 185447458 194293580 212987862 240773793 242996533 257934390 259723490 266708401 271505339 299582505 305507208 310091640 316426617 317800815 332567526 338074383 338641082 354366157 356841104 358778421 392152363 395629928 452487327 465450922 471160835 474849952 482271534 505818857 513469323 513469323 513469323 513469323 513469323 513469323 513469323 513469323 513469323 513469323 513469323 513469323 513469323 513469323 513469323 513469323 513469323 513469323 513469323 513469323 513469323 513469323 513469323 513469323 513469323 513469323 513469323 513469323 513469323 513469323 513469323 513469323 513469323 513469323 513469323 513469323 513469323 513469323 513469323 513469323 513469323 524440949 534407390 541719951 570170277 591393351 597537200 614280953 621292014 649681288 655958097 675665096 700364317 715447491 740388869 741336984 749520403 755624378 770450928 780150435 781684834 816802347 838899695 845509676 866860448 867198732 871976049 875320103 892270154 897401448 914553828 923717437 938650888 954575206 958721345 961328977 966633485 969626454 973448539
513469323
TestCase-64
61
1055138 35978863 61356772 62590926 73193396 78112988 82838407 84325537 91710130 128529999 157563685 180137767 187327267 197669448 221972836 230800411 241371303 265386901 284482036 297833380 321736066 333307830 360733212 365372248 386553271 391737228 401242410 424535647 442055031 447035605 490811707 535701702 536977661 537965982 593969497 597636962 606874965 627511423 634166726 638280110 648878775 691199433 724660435 738384216 740094907 740330425 741221129 755055277 767460961 792990063 800150632 815463120 825074562 829326509 857129627 950299514 957543877 966598683 991998307 994223330 996995438
597636962
TestCase-65
53
84900938 151702507 160438964 175696571 186265657 188291656 206306664 228634594 237600129 249843281 272728542 337082854 353621376 354588369 383124249 408903112 464251952 474801749 509896190 532029612 545524641 554243360 554512605 566535931 591262258 591296728 600661613 600661613 600661613 600661613 600661613 600661613 600661613 600661613 600661613 600661613 600661613 600661613 600661613 600661613 600661613 600661613 600661613 600661613 600661613 600661613 600661613 600661613 600661613 600661613 600661613 600661613 600661613 600661613 607933924 652427309 655263505 656430364 669695024 691153558 726852162 733657390 777059272 787342353 806215609 828759418 849912449 861133930 879760851 882845729 910031587 931909496 938423188 940337185 954832541 957615755 963801434 971727530 984708134 992716696
600661613
TestCase-66
6
63691443 91186176 288901945 328279710 417954731 448332406
328279710
TestCase-67
70
112785 96233725 114366427 141458372 171103187 174553983 175374687 206478749 208852580 210801719 216000100 260789260 262537954 265934433 267829267 274971742 287556222 291793669 298425768 306746497 324506108 336215114 364412502 366615100 370912693 381593434 400196709 403591748 404226983 416049892 419080692 421700594 423152571 425687303 436091671 465539240 465539240 465539240 465539240 465539240 465539240 465539240 465539240 465539240 465539240 465539240 465539240 465539240 465539240 465539240 465539240 465539240 465539240 465539240 465539240 465539240 465539240 465539240 465539240 465539240 465539240 465539240 465539240 465539240 465539240 465539240 465539240 465539240 465539240 465539240 465539240 465539240 500842131 504458188 516063204 527470330 529496749 546806214 547859075 561389239 567775206 585588401 589737598 599867776 611053470 615850622 624656065 644149642 673485744 680297129 689301975 710549429 716988974 737256257 763028472 796372389 821158084 826890728 827875660 830189348 830753768 835194728 835315006 869344075 927097109 964818560
465539240
TestCase-68
51
1494919 77144926 81975030 86204895 210807764 226264501 227505958 228623850 233303330 235099650 294194206 294264425 299074811 310225486 311496754 333347832 335618139 340527361 359420892 426502707 453278450 468757395 470822199 500067986 516161765 520442559 526567453 555179729 555654085 572580314 649488337 669895944 670946507 671287022 673113202 698385543 699668246 724940698 774510140 800991805 802722122 819043498 824385439 830810686 898139873 900995135 922152587 928875471 992805408 995637313 997672586
340527361
TestCase-69
3
70943873 198685628 198685628 198685628 602395100
198685628
TestCase-70
32
26298279 47954077 73201873 128828712 144053083 162892558 209896559 249455385 268276981 300572805 310417117 311730880 343174238 444052954 551301274 580807328 599989187 659617988 668946694 680496867 692702506 728348694 735351598 748801621 749040817 751113343 764714128 824975896 835068361 862175379 949220984 980006482
26298279
TestCase-71
32
3299998 34246168 63782908 100070224 103242466 159914598 219092294 291499184 306161966 314961237 364504786 401173520 483642392 484652569 489263083 496362890 513850013 513850013 513850013 513850013 513850013 513850013 513850013 513850013 513850013 513850013 513850013 513850013 513850013 513850013 513850013 513850013 513850013 513850013 539683566 542947621 628724232 641753810 653138138 672332099 740805495 761433609 777824859 789306683 808570205 841625105 937003463 945021050 985510825
513850013
TestCase-72
38
8380932 56627859 63619835 75436873 100178373 141296909 145288860 219504591 226270843 237395188 292913407 314712761 340845817 354984154 364726227 411072184 427471845 439048038 493241725 496183806 504723792 506789415 512653803 527950265 530555803 541268338 569560473 613327438 619903024 651297704 676089860 679331933 682457488 705391013 809047049 858048483 858925699 944633581
63619835
TestCase-73
58
12831880 49977983 68527181 75059841 78211024 85249928 87317696 119566497 129345672 137908378 142339406 154910367 159402966 171699298 196127342 220265809 226700028 236170528 270937222 286648206 287777950 332779708 382093536 399318896 435923715 447596246 475571762 489939173 498385189 501276882 501276882 501276882 501276882 501276882 501276882 501276882 501276882 501276882 501276882 501276882 501276882 501276882 501276882 501276882 501276882 501276882 501276882 501276882 501276882 501276882 501276882 501276882 501276882 501276882 501276882 501276882 501276882 501276882 501276882 501276882 510588972 518473708 532634339 553318091 573410659 592156498 687104416 697456752 699041457 707810073 715776603 720488353 773997175 782063008 788284961 835912179 837040621 850047540 856501402 871343943 875747466 884252945 888023126 896971392 912016858 924111032 977349392 991980520
501276882
TestCase-74
22
37865757 79333385 135763073 136673416 149749253 169420902 198731172 268887569 379063141 405329056 421681690 429591290 535642057 581617061 603141930 701125782 706627606 845882313 866445536 870631110 948458425 952103205
866445536
TestCase-75
72
170246 12034772 48539363 61283438 79294944 99187980 119569085 134551161 155823141 167830088 201026037 202611702 214586203 217532005 256772275 277423399 278582351 293711082 299345925 309180547 321003218 333733280 335739559 353415976 365220225 379908816 399755891 413438114 417169076 433553784 443936767 525674524 526118211 549796951 558662112 618951180 623906302 623906302 623906302 623906302 623906302 623906302 623906302 623906302 623906302 623906302 623906302 623906302 623906302 623906302 623906302 623906302 623906302 623906302 623906302 623906302 623906302 623906302 623906302 623906302 623906302 623906302 623906302 623906302 623906302 623906302 623906302 623906302 623906302 623906302 623906302 623906302 623906302 623906302 625248324 629663551 630511404 636147396 664531333 665273447 666664469 672401983 680218082 692544869 696177561 720220265 728358608 771807239 839641932 855655614 867672380 872705211 880244460 883861793 884994110 888739422 888792410 907752391 924105843 934375143 937243593 948037939 953932970 963768096 974449637 986308875 994466531 997978627 999779458
623906302
TestCase-76
69
6676613 16607812 18624233 22039409 39891505 52297657 78876429 89553143 116082539 139811178 141929221 152166716 153060408 187780981 210683414 245167091 270105447 304130557 304566730 304768926 312491545 322677531 328283777 339186716 363797457 364888323 371670196 402768348 414366781 415709215 427867672 441596895 468682305 479083626 485023931 490736886 500576042 540211280 541981394 545558088 565574429 569156492 576337699 591645323 599729768 606159429 632797176 635212257 647458188 689327141 786877402 789352775 793511786 793729018 807280215 810287035 845758594 851475785 870894293 883019924 890737175 902975895 912534058 914917053 936571823 942444674 950012985 950395448 969617448
883019924
TestCase-77
79
1200834 5588954 18158435 41502727 45409778 55144662 80830426 87797146 94945355 117815916 124347222 164991977 167044302 172489550 178544444 195621516 215634873 219403296 231776338 252224624 252508599 254000572 282260232 282582617 289198758 295638306 310489734 339662853 342108975 351427299 367753995 385343622 390577316 405819038 411039854 414110081 444146158 477720577 482255626 496647336 496647336 496647336 496647336 496647336 496647336 496647336 496647336 496647336 496647336 496647336 496647336 496647336 496647336 496647336 496647336 496647336 496647336 496647336 496647336 496647336 496647336 496647336 496647336 496647336 496647336 496647336 496647336 496647336 496647336 496647336 496647336 496647336 496647336 496647336 496647336 496647336 496647336 496647336 496647336 496647336 575631112 595375141 604270634 604711116 612758640 620534169 653851131 662598838 665840901 690265993 712222007 712241259 713336614 723796285 744559492 752372054 782130055 787914193 791162970 794453147 797390072 808771254 834676138 839964423 854201918 890096216 918832968 922178410 926837212 928265345 929145873 941991226 943088923 961675477 971423859 974425367 984739828 988890002 996859453
496647336
TestCase-78
27
47204306 184390232 206509487 206990331 248482960 359477818 391206096 404207272 471688587 486523856 505082916 576939637 587053584 594253894 600602544 618972386 683949441 705092528 778690500 808812319 813974257 849972080 857015378 898016901 900948030 944884072 951810649
391206096
TestCase-79
51
5286371 12017586 23166896 29636910 48111485 52195867 103895443 154897317 164309634 225970364 232363945 240487797 292208442 299381538 335711385 347663100 353704948 354475159 356742990 357923155 455962606 470927055 474655401 476791490 483046394 503841313 503841313 503841313 503841313 503841313 503841313 503841313 503841313 503841313 503841313 503841313 503841313 503841313 503841313 503841313 503841313 503841313 503841313 503841313 503841313 503841313 503841313 503841313 503841313 503841313 503841313 503841313 510104502 523650794 605059144 614071721 615544142 636665401 662668181 687987184 741202279 754957383 775965863 794951028 801382397 807540245 814694745 815738418 841444404 841724138 873461106 884631468 908667698 910944408 912924551 929165961 937759877
503841313
TestCase-80
47
15801986 27250737 37111997 68411132 82661057 86123488 121531340 131339434 167217051 194273696 200656392 240435827 244831416 245639786 264916762 289421937 327329714 364885243 366116809 374705718 403952971 411516429 413023236 422274467 437027417 447280368 453746291 461236053 466876738 488716726 506865955 513486915 536141149 568472936 601872017 616623408 662515620 758100730 763414560 769677162 789827333 792080423 832047047 846955050 859442443 901007268 954900394
536141149
TestCase-81
72
7205447 48260831 50844563 51921088 75376073 81917719 86581850 96473435 100802427 123711186 124245233 149412261 156797052 176722167 201878352 208756150 212222879 233955628 249376953 255630264 259990302 306324802 307890888 332513721 370226871 381335496 444142857 448167014 476734016 479800350 484339626 498132957 510006091 513013741 513806597 523483279 533498054 533498054 533498054 533498054 533498054 533498054 533498054 533498054 533498054 533498054 533498054 533498054 533498054 533498054 533498054 533498054 533498054 533498054 533498054 533498054 533498054 533498054 533498054 533498054 533498054 533498054 533498054 533498054 533498054 533498054 533498054 533498054 533498054 533498054 533498054 533498054 533498054 533498054 560332885 574641182 576065631 643541778 655283944 659567928 662413355 664266357 664567146 680544897 696231048 720777875 732376135 736154680 740593524 744098608 749999716 770605632 782484544 802425130 803131496 804265947 812767822 828893663 837977064 841811938 849223758 915805828 919587513 945887047 963736343 966736286 977184859 984155292 999409821
533498054
TestCase-82
45
13422375 24464350 31839047 80222517 85636602 178177417 215938444 220783758 223559795 249807790 255879577 259971826 275634481 282947077 331042182 332921186 337175107 361298659 404512857 404690857 418715438 432417966 476407896 486880674 514308115 526285955 535727721 572182090 594487276 596872870 601426511 627374814 694418024 700792704 715034097 746963035 801575261 851848727 858636064 872257925 874314445 900812036 934330888 938038443 967183776
418715438
TestCase-83
53
27999414 33210506 33540325 49678140 71127911 73211515 120163050 127688550 131865290 137652500 162193688 173606010 201432941 228031246 228558952 278436544 305238019 308712586 312362318 355636556 358129336 376945102 399560392 411974796 418776545 428826191 444231581 444231581 444231581 444231581 444231581 444231581 444231581 444231581 444231581 444231581 444231581 444231581 444231581 444231581 444231581 444231581 444231581 444231581 444231581 444231581 444231581 444231581 444231581 444231581 444231581 444231581 444231581 444231581 447633457 452446467 459525512 466901583 485370810 492224829 513263610 514859174 529920188 552431059 579381255 584486250 618027159 683212364 723772751 749954772 770792935 823874509 838313743 843469103 851490111 884032260 910392437 937415898 941833818 988981101
444231581
TestCase-84
57
2030077 12431958 39433273 49944256 63796318 115499565 150438811 166478706 213383456 218417801 251827368 264819736 288088248 307432028 324530023 359712525 390509117 394805109 399995219 416399654 447857395 480747978 508734874 523149464 538241713 544915360 566110937 578753721 582147499 585575120 588987844 592529270 610662430 622720993 642611828 659546832 660756928 712553504 729310316 734885839 745053789 756223870 776069674 790697219 790917786 797235673 850764645 854882779 862059532 862334381 875800999 888442023 888969246 915346870 928070797 946193236 992192973
523149464
TestCase-85
36
68925578 89484009 119188694 199287080 204149185 222008441 231390862 234181203 239321171 248175513 260602655 285424054 306660173 331149731 338506768 389533709 432510166 454324740 455955599 455955599 455955599 455955599 455955599 455955599 455955599 455955599 455955599 455955599 455955599 455955599 455955599 455955599 455955599 455955599 455955599 455955599 455955599 455955599 524817710 557532205 575405013 598374534 624539390 633432170 662411411 682764543 716328732 720436130 744364217 814584078 853009484 861824181 870282821 942136674 952738947
455955599
TestCase-86
24
19765164 21446054 23474521 32729962 195377371 199443122 310210090 369281052 449134535 452072795 542691796 568783481 578417152 665873116 676431819 742430873 761985391 784257514 798742369 826777851 930136640 932940271 942112328 956608552
452072795
TestCase-87
44
47922765 59088086 77430716 116723490 131315318 140183126 141316324 150059335 162234387 197036082 199469659 212772604 216892899 243729574 252922974 318315447 327397621 343356569 347114266 372561915 377196496 408179429 434611529 434611529 434611529 434611529 434611529 434611529 434611529 434611529 434611529 434611529 434611529 434611529 434611529 434611529 434611529 434611529 434611529 434611529 434611529 434611529 434611529 434611529 434611529 434611529 462273946 465843488 469096410 597062895 620079416 636251838 656480952 711968871 752882147 767008904 776932096 783101934 870180404 908999644 940735677 953554050 956051991 961783226 969540016 985085346 994436187
434611529
TestCase-88
30
61969687 65727589 85615104 128284586 139984618 146051379 154243785 183355837 209197663 291900575 337078243 368546700 379784872 399795829 410149461 478136838 495301093 541751127 631466154 682979410 733179767 749298805 761622806 761679610 806410292 824229099 893811502 918043837 930202846 934277163
893811502
TestCase-89
16
106317307 133643992 198125997 253426471 361065166 543716642 555046864 646622732 657437955 657437955 657437955 657437955 657437955 657437955 657437955 657437955 657437955 657437955 681462615 725481365 769552954 841774491 868924388 878432997 969399217
657437955
TestCase-90
73
2169784 59128981 71231295 74839776 141100019 141710766 148483597 157784593 161921114 162639490 170014712 180120060 187228721 191629862 193527616 215046493 229282021 260291717 263969366 273014285 274223628 286570002 287269524 296563063 303770514 305964613 312688216 315884496 316548806 332391546 338427673 348913703 370407218 370831953 458611026 461193296 461200847 477497304 508623571 508926642 514641757 533792408 547635968 549265676 553039343 573193411 585298276 605878275 607048026 611187651 634703438 658230460 663937810 665663715 677428029 677553699 689734871 695527082 709593402 712593082 715011110 765958315 779177900 779815494 780522178 788787890 859904431 883970161 891832490 894817631 932763183 940418904 975874135
677428029
TestCase-91
75
17978888 36467687 40908586 50208617 65445530 97579945 98886736 100473013 103351345 117401435 144614098 146141555 147289304 148068424 172640793 226568630 233922769 237265656 242088539 268926618 291217637 300077323 307617325 316636606 323361914 336028340 343476865 354551870 395896186 423393271 451482728 464827334 472520082 483147069 504599521 505092088 510982476 532592138 532592138 532592138 532592138 532592138 532592138 532592138 532592138 532592138 532592138 532592138 532592138 532592138 532592138 532592138 532592138 532592138 532592138 532592138 532592138 532592138 532592138 532592138 532592138 532592138 532592138 532592138 532592138 532592138 532592138 532592138 532592138 532592138 532592138 532592138 532592138 532592138 532592138 532592138 538922705 540383845 543562384 546870135 547704471 559892123 578009163 582417806 601545218 605494579 647143925 658617539 664186062 665065019 676847755 702023677 721837543 736268042 738120665 746927523 781766408 787103126 808111512 808561613 808871882 812446717 816112346 866577077 884557845 887490699 927213237 948451785 951476895 953704727 961160340 971202310 986674770
532592138
TestCase-92
42
12679615 59216160 101159138 115720929 118763679 127986564 156969056 157543791 201289824 205710036 232604796 233121010 292400758 391996836 399157249 441313989 443978941 450036711 453160108 455003344 505610340 527364610 570959779 576937744 581099075 610970320 635897189 647247139 659542192 660065099 835904001 848722530 856724261 886508966 905306595 939571903 942106011 950203590 950363475 968519101 983087410 985004131
985004131
TestCase-93
77
9047487 26697655 36224190 44873030 91904743 98196932 117464803 120807728 125476666 125944663 163278816 163623368 164097183 170028521 174349751 175047641 177067850 179228351 189118760 208697601 233961028 239531661 257940410 258023620 259780347 271767466 275517445 287049891 321132988 327640775 329198627 364707637 380985080 404736050 414145279 417275702 422649711 425583371 431935372 431935372 431935372 431935372 431935372 431935372 431935372 431935372 431935372 431935372 431935372 431935372 431935372 431935372 431935372 431935372 431935372 431935372 431935372 431935372 431935372 431935372 431935372 431935372 431935372 431935372 431935372 431935372 431935372 431935372 431935372 431935372 431935372 431935372 431935372 431935372 431935372 431935372 431935372 431935372 464281741 470088982 478103811 484043536 485171205 490857161 493305400 509212588 519705960 521582217 528515663 540429680 550289306 566033915 577493424 595038852 609999926 646413537 662913052 684853948 686918782 695215087 733483309 751984529 768077091 769107318 851428752 857183779 859470193 874436888 879914996 884572356 915011433 936034260 942707900 958288263 981122156 982106596
431935372
TestCase-94
7
197713541 272063695 344849048 471916687 502484873 845425773 848605777
344849048
TestCase-95
3
348517850 583813199 583813199 583813199 657391238
583813199
TestCase-96
79
2214122 33910098 79856506 82690275 95011934 97891119 105117385 114762256 130945718 169227242 203484656 207549658 226794224 230277452 233644104 258754346 259602401 262872055 269818555 272935781 273905314 276615614 280733363 283251668 290383412 316189196 324884870 353274137 393186804 399042905 410528314 425958536 434840194 457604320 484881325 486253751 492839418 494026088 499913153 500618240 502140416 521578208 526633179 538759622 546901582 551058771 570595223 590463650 593226008 630610894 631588427 634008527 668101766 674301774 703868738 710740511 728842640 767314970 769015460 771543243 788745548 791513215 798250298 799580419 800068613 832968276 837370124 845300793 861226761 874362054 880487004 882293083 882611803 928840293 942711900 944154116 949402102 954761474 987421966
880487004
TestCase-97
2
41903453 153667931 153667931 153667931
153667931
TestCase-98
8
33225577 101395704 335138800 442271245 543592188 575583046 596383746 905363885
335138800
TestCase-99
28
13561678 19344149 97263717 111834562 138413137 142202714 178857038 260504023 293523745 311166380 360730251 380571805 411082080 447943718 452233902 452233902 452233902 452233902 452233902 452233902 452233902 452233902 452233902 452233902 452233902 452233902 452233902 452233902 452233902 452233902 458779702 484696112 491468258 520440402 664945047 688092319 728022273 777117570 821625928 867947201 920703787 937577161 962289083
452233902
TestCase-100
17
25742927 27740133 36721160 36818439 53332144 118137871 129762956 140577856 223220004 252598207 276885200 290294378 306744044 333438592 536288875 766543035 909965578
252598207
TestCase-101
1
1
1
TestCase-102
1
1
2
TestCase-103
1000
1 1 1 1 1 1 1 1 1 1 1 1 1 1 1 1 1 1 1 1 1 1 1 1 1 1 1 1 1 1 1 1 1 1 1 1 1 1 1 1 1 1 1 1 1 1 1 1 1 1 1 1 1 1 1 1 1 1 1 1 1 1 1 1 1 1 1 1 1 1 1 1 1 1 1 1 1 1 1 1 1 1 1 1 1 1 1 1 1 1 1 1 1 1 1 1 1 1 1 1 1 1 1 1 1 1 1 1 1 1 1 1 1 1 1 1 1 1 1 1 1 1 1 1 1 1 1 1 1 1 1 1 1 1 1 1 1 1 1 1 1 1 1 1 1 1 1 1 1 1 1 1 1 1 1 1 1 1 1 1 1 1 1 1 1 1 1 1 1 1 1 1 1 1 1 1 1 1 1 1 1 1 1 1 1 1 1 1 1 1 1 1 1 1 1 1 1 1 1 1 1 1 1 1 1 1 1 1 1 1 1 1 1 1 1 1 1 1 1 1 1 1 1 1 1 1 1 1 1 1 1 1 1 1 1 1 1 1 1 1 1 1 1 1 1 1 1 1 1 1 1 1 1 1 1 1 1 1 1 1 1 1 1 1 1 1 1 1 1 1 1 1 1 1 1 1 1 1 1 1 1 1 1 1 1 1 1 1 1 1 1 1 1 1 1 1 1 1 1 1 1 1 1 1 1 1 1 1 1 1 1 1 1 1 1 1 1 1 1 1 1 1 1 1 1 1 1 1 1 1 1 1 1 1 1 1 1 1 1 1 1 1 1 1 1 1 1 1 1 1 1 1 1 1 1 1 1 1 1 1 1 1 1 1 1 1 1 1 1 1 1 1 1 1 1 1 1 1 1 1 1 1 1 1 1 1 1 1 1 1 1 1 1 1 1 1 1 1 1 1 1 1 1 1 1 1 1 1 1 1 1 1 1 1 1 1 1 1 1 1 1 1 1 1 1 1 1 1 1 1 1 1 1 1 1 1 1 1 1 1 1 1 1 1 1 1 1 1 1 1 1 1 1 1 1 1 1 1 1 1 1 1 1 1 1 1 1 1 1 1 1 1 1 1 1 1 1 1 1 1 1 1 1 1 1 1 1 1 1 1 1 1 1 1 1 1 1 1 1 1 1 1 1 1 1 1 1 1 1 1 1 1 1 1 1 1 1 1 1 1 1 1 1 1 1 1 1 1 1 1 1 1 1 1 1 1 1 1 1 1 1 1 1 1 1 1 1 1 1 1 1 1 1 1 1 1 1 1 1 1 1 1 1 1 1 1 1 1 1 1 1 1 1 1 1 1 1 1 1 1 1 1 1 1 1 1 1 1 1 1 1 1 1 1 1 1 1 1 1 1 1 1 1 1 1 1 1 1 1 1 1 1 1 1 1 1 1 1 1 1 1 1 1 1 1 1 1 1 1 1 1 1 1 1 1 1 1 1 1 1 1 1 1 1 1 1 1 1 1 1 1 1 1 1 1 1 1 1 1 1 1 1 1 1 1 1 1 1 1 1 1 1 1 1 1 1 1 1 1 1 1 1 1 1 1 1 1 1 1 1 1 1 1 1 1 1 1 1 1 1 1 1 1 1 1 1 1 1 1 1 1 1 1 1 1 1 1 1 1 1 1 1 1 1 1 1 1 1 1 1 1 1 1 1 1 1 1 1 1 1 1 1 1 1 1 1 1 1 1 1 1 1 1 1 1 1 1 1 1 1 1 1 1 1 1 1 1 1 1 1 1 1 1 1 1 1 1 1 1 1 1 1 1 1 1 1 1 1 1 1 1 1 1 1 1 1 1 1 1 1 1 1 1 1 1 1 1 1 1 1 1 1 1 1 1 1 1 1 1 1 1 1 1 1 1 1 1 1 1 1 1 1 1 1 1 1 1 1 1 1 1 1 1 1 1 1 1 1 1 1 1 1 1 1 1 1 1 1 1 1 1 1 1 1 1 1 1 1 1 1 1 1 1 1 1 1 1 1 1 1 1 1 1 1 1 1 1 1 1 1 1 1 1 1 1 1 1 1 1 1 1 1 1 1 1 1 1 1 1 1 1 1 1 1 1 1 1 1 1 1 1 1 1 1 1 1 1 1 1 1 1 1 1 1 1 1 1 1 1 1 1 1 1 1 1 1 1 1 1 1 1 1 1 1 1 1 1 1 1 1 1 1 1 1 1 1 1 1 1 1 1 1 1 1 1 1 1 1 1 1 1 1 1 1 1 1 1 1 1 1 1 1 1 1 1 1 1 1 1 1
1
TestCase-104
1000
1 1 1 1 1 1 1 1 1 1 1 1 1 1 1 1 1 1 1 1 1 1 1 1 1 1 1 1 1 1 1 1 1 1 1 1 1 1 1 1 1 1 1 1 1 1 1 1 1 1 1 1 1 1 1 1 1 1 1 1 1 1 1 1 1 1 1 1 1 1 1 1 1 1 1 1 1 1 1 1 1 1 1 1 1 1 1 1 1 1 1 1 1 1 1 1 1 1 1 1 1 1 1 1 1 1 1 1 1 1 1 1 1 1 1 1 1 1 1 1 1 1 1 1 1 1 1 1 1 1 1 1 1 1 1 1 1 1 1 1 1 1 1 1 1 1 1 1 1 1 1 1 1 1 1 1 1 1 1 1 1 1 1 1 1 1 1 1 1 1 1 1 1 1 1 1 1 1 1 1 1 1 1 1 1 1 1 1 1 1 1 1 1 1 1 1 1 1 1 1 1 1 1 1 1 1 1 1 1 1 1 1 1 1 1 1 1 1 1 1 1 1 1 1 1 1 1 1 1 1 1 1 1 1 1 1 1 1 1 1 1 1 1 1 1 1 1 1 1 1 1 1 1 1 1 1 1 1 1 1 1 1 1 1 1 1 1 1 1 1 1 1 1 1 1 1 1 1 1 1 1 1 1 1 1 1 1 1 1 1 1 1 1 1 1 1 1 1 1 1 1 1 1 1 1 1 1 1 1 1 1 1 1 1 1 1 1 1 1 1 1 1 1 1 1 1 1 1 1 1 1 1 1 1 1 1 1 1 1 1 1 1 1 1 1 1 1 1 1 1 1 1 1 1 1 1 1 1 1 1 1 1 1 1 1 1 1 1 1 1 1 1 1 1 1 1 1 1 1 1 1 1 1 1 1 1 1 1 1 1 1 1 1 1 1 1 1 1 1 1 1 1 1 1 1 1 1 1 1 1 1 1 1 1 1 1 1 1 1 1 1 1 1 1 1 1 1 1 1 1 1 1 1 1 1 1 1 1 1 1 1 1 1 1 1 1 1 1 1 1 1 1 1 1 1 1 1 1 1 1 1 1 1 1 1 1 1 1 1 1 1 1 1 1 1 1 1 1 1 1 1 1 1 1 1 1 1 1 1 1 1 1 1 1 1 1 1 1 1 1 1 1 1 1 1 1 1 1 1 1 1 1 1 1 1 1 1 1 1 1 1 1 1 1 1 1 1 1 1 1 1 1 1 1 1 1 1 1 1 1 1 1 1 1 1 1 1 1 1 1 1 1 1 1 1 1 1 1 1 1 1 1 1 1 1 1 1 1 1 1 1 1 1 1 1 1 1 1 1 1 1 1 1 1 1 1 1 1 1 1 1 1 1 1 1 1 1 1 1 1 1 1 1 1 1 1 1 1 1 1 1 1 1 1 1 1 1 1 1 1 1 1 1 1 1 1 1 1 1 1 1 1 1 1 1 1 1 1 1 1 1 1 1 1 1 1 1 1 1 1 1 1 1 1 1 1 1 1 1 1 1 1 1 1 1 1 1 1 1 1 1 1 1 1 1 1 1 1 1 1 1 1 1 1 1 1 1 1 1 1 1 1 1 1 1 1 1 1 1 1 1 1 1 1 1 1 1 1 1 1 1 1 1 1 1 1 1 1 1 1 1 1 1 1 1 1 1 1 1 1 1 1 1 1 1 1 1 1 1 1 1 1 1 1 1 1 1 1 1 1 1 1 1 1 1 1 1 1 1 1 1 1 1 1 1 1 1 1 1 1 1 1 1 1 1 1 1 1 1 1 1 1 1 1 1 1 1 1 1 1 1 1 1 1 1 1 1 1 1 1 1 1 1 1 1 1 1 1 1 1 1 1 1 1 1 1 1 1 1 1 1 1 1 1 1 1 1 1 1 1 1 1 1 1 1 1 1 1 1 1 1 1 1 1 1 1 1 1 1 1 1 1 1 1 1 1 1 1 1 1 1 1 1 1 1 1 1 1 1 1 1 1 1 1 1 1 1 1 1 1 1 1 1 1 1 1 1 1 1 1 1 1 1 1 1 1 1 1 1 1 1 1 1 1 1 1 1 1 1 1 1 1 1 1 1 1 1 1 1 1 1 1 1 1 1 1 1 1 1 1 1 1 1 1 1 1 1 1 1 1 1 1 1 1 1 1 1 1 1 1 1 1 1 1 1 1 1 1 1 1 1 1 1 1 1 1 1 1 1 1 1 1 1 1 1 1 1 1 1 1 1 1 1 1 1 1 1 1 1 1 1 1 1 1 1 1 1 1 1 2
1
TestCase-105
1000
1 1 1 1 1 1 1 1 1 1 1 1 1 1 1 1 1 1 1 1 1 1 1 1 1 1 1 1 1 1 1 1 1 1 1 1 1 1 1 1 1 1 1 1 1 1 1 1 1 1 1 1 1 1 1 1 1 1 1 1 1 1 1 1 1 1 1 1 1 1 1 1 1 1 1 1 1 1 1 1 1 1 1 1 1 1 1 1 1 1 1 1 1 1 1 1 1 1 1 1 1 1 1 1 1 1 1 1 1 1 1 1 1 1 1 1 1 1 1 1 1 1 1 1 1 1 1 1 1 1 1 1 1 1 1 1 1 1 1 1 1 1 1 1 1 1 1 1 1 1 1 1 1 1 1 1 1 1 1 1 1 1 1 1 1 1 1 1 1 1 1 1 1 1 1 1 1 1 1 1 1 1 1 1 1 1 1 1 1 1 1 1 1 1 1 1 1 1 1 1 1 1 1 1 1 1 1 1 1 1 1 1 1 1 1 1 1 1 1 1 1 1 1 1 1 1 1 1 1 1 1 1 1 1 1 1 1 1 1 1 1 1 1 1 1 1 1 1 1 1 1 1 1 1 1 1 1 1 1 1 1 1 1 1 1 1 1 1 1 1 1 1 1 1 1 1 1 1 1 1 1 1 1 1 1 1 1 1 1 1 1 1 1 1 1 1 1 1 1 1 1 1 1 1 1 1 1 1 1 1 1 1 1 1 1 1 1 1 1 1 1 1 1 1 1 1 1 1 1 1 1 1 1 1 1 1 1 1 1 1 1 1 1 1 1 1 1 1 1 1 1 1 1 1 1 1 1 1 1 1 1 1 1 1 1 1 1 1 1 1 1 1 1 1 1 1 1 1 1 1 1 1 1 1 1 1 1 1 1 1 1 1 1 1 1 1 1 1 1 1 1 1 1 1 1 1 1 1 1 1 1 1 1 1 1 1 1 1 1 1 1 1 1 1 1 1 1 1 1 1 1 1 1 1 1 1 1 1 1 1 1 1 1 1 1 1 1 1 1 1 1 1 1 1 1 1 1 1 1 1 1 1 1 1 1 1 1 1 1 1 1 1 1 1 1 1 1 1 1 1 1 1 1 1 1 1 1 1 1 1 1 1 1 1 1 1 1 1 1 1 1 1 1 1 1 1 1 1 1 1 1 1 1 1 1 1 1 1 1 1 1 1 1 1 1 1 1 1 1 1 1 1 1 1 1 1 1 1 1 1 1 1 1 1 1 1 1 1 1 1 1 1 1 1 1 1 1 1 1 1 1 1 1 1 1 1 1 1 1 1 1 1 1 1 1 1 1 1 1 1 1 1 1 1 1 1 1 1 1 1 1 1 1 1 1 1 1 1 1 1 1 1 1 1 1 1 1 1 1 1 1 1 1 1 1 1 1 1 1 1 1 1 1 1 1 1 1 1 1 1 1 1 1 1 1 1 1 1 1 1 1 1 1 1 1 1 1 1 1 1 1 1 1 1 1 1 1 1 1 1 1 1 1 1 1 1 1 1 1 1 1 1 1 1 1 1 1 1 1 1 1 1 1 1 1 1 1 1 1 1 1 1 1 1 1 1 1 1 1 1 1 1 1 1 1 1 1 1 1 1 1 1 1 1 1 1 1 1 1 1 1 1 1 1 1 1 1 1 1 1 1 1 1 1 1 1 1 1 1 1 1 1 1 1 1 1 1 1 1 1 1 1 1 1 1 1 1 1 1 1 1 1 1 1 1 1 1 1 1 1 1 1 1 1 1 1 1 1 1 1 1 1 1 1 1 1 1 1 1 1 1 1 1 1 1 1 1 1 1 1 1 1 1 1 1 1 1 1 1 1 1 1 1 1 1 1 1 1 1 1 1 1 1 1 1 1 1 1 1 1 1 1 1 1 1 1 1 1 1 1 1 1 1 1 1 1 1 1 1 1 1 1 1 1 1 1 1 1 1 1 1 1 1 1 1 1 1 1 1 1 1 1 1 1 1 1 1 1 1 1 1 1 1 1 1 1 1 1 1 1 1 1 1 1 1 1 1 1 1 1 1 1 1 1 1 1 1 1 1 1 1 1 1 1 1 1 1 1 1 1 1 1 1 1 1 1 1 1 1 1 1 1 1 1 1 1 1 1 1 1 1 1 1 1 1 1 1 1 1 1 1 1 1 1 1 1 1 1 1 1 1 1 1 1 1 1 1 1 1 1 1 1 1 1 1 1 1 1 1 1 1 1 1 1 1 1 1 1 1 1 1 1 1 1 1 1 1 1 1 2
2
TestCase-106
1000
917333534 917333534 917333534 917333534 917333534 917333534 917333534 917333534 917333534 917333534 917333534 917333534 917333534 917333534 917333534 917333534 917333534 917333534 917333534 917333534 917333534 917333534 917333534 917333534 917333534 917333534 917333534 917333534 917333534 917333534 917333534 917333534 917333534 917333534 917333534 917333534 917333534 917333534 917333534 917333534 917333534 917333534 917333534 917333534 917333534 917333534 917333534 917333534 917333534 917333534 917333534 917333534 917333534 917333534 917333534 917333534 917333534 917333534 917333534 917333534 917333534 917333534 917333534 917333534 917333534 917333534 917333534 917333534 917333534 917333534 917333534 917333534 917333534 917333534 917333534 917333534 917333534 917333534 917333534 917333534 917333534 917333534 917333534 917333534 917333534 917333534 917333534 917333534 917333534 917333534 917333534 917333534 917333534 917333534 917333534 917333534 917333534 917333534 917333534 917333534 917333534 917333534 917333534 917333534 917333534 917333534 917333534 917333534 917333534 917333534 917333534 917333534 917333534 917333534 917333534 917333534 917333534 917333534 917333534 917333534 917333534 917333534 917333534 917333534 917333534 917333534 917333534 917333534 917333534 917333534 917333534 917333534 917333534 917333534 917333534 917333534 917333534 917333534 917333534 917333534 917333534 917333534 917333534 917333534 917333534 917333534 917333534 917333534 917333534 917333534 917333534 917333534 917333534 917333534 917333534 917333534 917333534 917333534 917333534 917333534 917333534 917333534 917333534 917333534 917333534 917333534 917333534 917333534 917333534 917333534 917333534 917333534 917333534 917333534 917333534 917333534 917333534 917333534 917333534 917333534 917333534 917333534 917333534 917333534 917333534 917333534 917333534 917333534 917333534 917333534 917333534 917333534 917333534 917333534 917333534 917333534 917333534 917333534 917333534 917333534 917333534 917333534 917333534 917333534 917333534 917333534 917333534 917333534 917333534 917333534 917333534 917333534 917333534 917333534 917333534 917333534 917333534 917333534 917333534 917333534 917333534 917333534 917333534 917333534 917333534 917333534 917333534 917333534 917333534 917333534 917333534 917333534 917333534 917333534 917333534 917333534 917333534 917333534 917333534 917333534 917333534 917333534 917333534 917333534 917333534 917333534 917333534 917333534 917333534 917333534 917333534 917333534 917333534 917333534 917333534 917333534 917333534 917333534 917333534 917333534 917333534 917333534 917333534 917333534 917333534 917333534 917333534 917333534 917333534 917333534 917333534 917333534 917333534 917333534 917333534 917333534 917333534 917333534 917333534 917333534 917333534 917333534 917333534 917333534 917333534 917333534 917333534 917333534 917333534 917333534 917333534 917333534 917333534 917333534 917333534 917333534 917333534 917333534 917333534 917333534 917333534 917333534 917333534 917333534 917333534 917333534 917333534 917333534 917333534 917333534 917333534 917333534 917333534 917333534 917333534 917333534 917333534 917333534 917333534 917333534 917333534 917333534 917333534 917333534 917333534 917333534 917333534 917333534 917333534 917333534 917333534 917333534 917333534 917333534 917333534 917333534 917333534 917333534 917333534 917333534 917333534 917333534 917333534 917333534 917333534 917333534 917333534 917333534 917333534 917333534 917333534 917333534 917333534 917333534 917333534 917333534 917333534 917333534 917333534 917333534 917333534 917333534 917333534 917333534 917333534 917333534 917333534 917333534 917333534 917333534 917333534 917333534 917333534 917333534 917333534 917333534 917333534 917333534 917333534 917333534 917333534 917333534 917333534 917333534 917333534 917333534 917333534 917333534 917333534 917333534 917333534 917333534 917333534 917333534 917333534 917333534 917333534 917333534 917333534 917333534 917333534 917333534 917333534 917333534 917333534 917333534 917333534 917333534 917333534 917333534 917333534 917333534 917333534 917333534 917333534 917333534 917333534 917333534 917333534 917333534 917333534 917333534 917333534 917333534 917333534 917333534 917333534 917333534 917333534 917333534 917333534 917333534 917333534 917333534 917333534 917333534 917333534 917333534 917333534 917333534 917333534 917333534 917333534 917333534 917333534 917333534 917333534 917333534 917333534 917333534 917333534 917333534 917333534 917333534 917333534 917333534 917333534 917333534 917333534 917333534 917333534 917333534 917333534 917333534 917333534 917333534 917333534 917333534 917333534 917333534 917333534 917333534 917333534 917333534 917333534 917333534 917333534 917333534 917333534 917333534 917333534 917333534 917333534 917333534 917333534 917333534 917333534 917333534 917333534 917333534 917333534 917333534 917333534 917333534 917333534 917333534 917333534 917333534 917333534 917333534 218563624 218563624 218563624 218563624 218563624 218563624 218563624 218563624 218563624 218563624 218563624 218563624 218563624 218563624 218563624 218563624 218563624 218563624 218563624 218563624 218563624 218563624 218563624 218563624 218563624 218563624 218563624 218563624 218563624 218563624 218563624 218563624 218563624 218563624 218563624 218563624 218563624 218563624 218563624 218563624 218563624 218563624 218563624 218563624 218563624 218563624 218563624 218563624 218563624 218563624 218563624 218563624 218563624 218563624 218563624 218563624 218563624 218563624 218563624 218563624 218563624 218563624 218563624 218563624 218563624 218563624 218563624 218563624 218563624 218563624 218563624 218563624 218563624 218563624 218563624 218563624 218563624 218563624 218563624 218563624 218563624 218563624 218563624 218563624 218563624 218563624 218563624 218563624 218563624 218563624 218563624 218563624 218563624 218563624 218563624 218563624 218563624 218563624 218563624 218563624 218563624 218563624 218563624 218563624 218563624 218563624 218563624 218563624 218563624 218563624 218563624 218563624 218563624 218563624 218563624 218563624 218563624 218563624 218563624 218563624 218563624 218563624 218563624 218563624 218563624 218563624 218563624 218563624 218563624 218563624 218563624 218563624 218563624 218563624 218563624 218563624 218563624 218563624 218563624 218563624 218563624 218563624 218563624 218563624 218563624 218563624 218563624 218563624 218563624 218563624 218563624 218563624 218563624 218563624 218563624 218563624 218563624 218563624 218563624 218563624 218563624 218563624 218563624 218563624 218563624 218563624 218563624 218563624 218563624 218563624 218563624 218563624 218563624 218563624 218563624 218563624 218563624 218563624 218563624 218563624 218563624 218563624 218563624 218563624 218563624 218563624 218563624 218563624 218563624 218563624 218563624 218563624 218563624 218563624 218563624 218563624 218563624 218563624 218563624 218563624 218563624 218563624 218563624 218563624 218563624 218563624 218563624 218563624 218563624 218563624 218563624 218563624 218563624 218563624 218563624 218563624 218563624 218563624 218563624 218563624 218563624 218563624 218563624 218563624 218563624 218563624 218563624 218563624 218563624 218563624 218563624 218563624 218563624 218563624 218563624 218563624 218563624 218563624 218563624 218563624 218563624 218563624 218563624 218563624 218563624 218563624 218563624 218563624 218563624 218563624 218563624 218563624 218563624 218563624 218563624 218563624 218563624 218563624 218563624 218563624 218563624 218563624 218563624 218563624 218563624 218563624 218563624 218563624 218563624 218563624 218563624 218563624 218563624 218563624 218563624 218563624 218563624 218563624 218563624 218563624 218563624 218563624 218563624 218563624 218563624 218563624 218563624 218563624 218563624 218563624 218563624 218563624 218563624 218563624 218563624 218563624 218563624 218563624 218563624 218563624 218563624 218563624 218563624 218563624 218563624 218563624 218563624 218563624 218563624 218563624 218563624 218563624 218563624 218563624 218563624 218563624 218563624 218563624 218563624 218563624 218563624 218563624 218563624 218563624 218563624 218563624 218563624 218563624 218563624 218563624 218563624 218563624 218563624 218563624 218563624 218563624 218563624 218563624 218563624 218563624 218563624 218563624 218563624 218563624 218563624 218563624 218563624 218563624 218563624 218563624 218563624 218563624 218563624 218563624 218563624 218563624 218563624 218563624 218563624 218563624 218563624 218563624 218563624 218563624 218563624 218563624 218563624 218563624 218563624 218563624 218563624 218563624 218563624 218563624 218563624 218563624 218563624 218563624 218563624 218563624 218563624 218563624 218563624 218563624 218563624 218563624 218563624 218563624 218563624 218563624 218563624 218563624 218563624 218563624 218563624 218563624 218563624 218563624 218563624 218563624 218563624 218563624 218563624 218563624 218563624 218563624 218563624 218563624 218563624 218563624 218563624 218563624 218563624 218563624 218563624 218563624 218563624 218563624 218563624 218563624 218563624 218563624 218563624 218563624 218563624 218563624 218563624 218563624 218563624 218563624 218563624 218563624 218563624 218563624 218563624 218563624 218563624 218563624 218563624 218563624 218563624 218563624 218563624 218563624 218563624 218563624 218563624 218563624 218563624 218563624 218563624 218563624 218563624 218563624 218563624 218563624 218563624 218563624 218563624 218563624 218563624 218563624 218563624 218563624 218563624 218563624 218563624 218563624 218563624 218563624 218563624 218563624 218563624 218563624 218563624 218563624 218563624 218563624 218563624 218563624 218563624 218563624 218563624 218563624 218563624 218563624 218563624 218563624 218563624 218563624 218563624 218563624 218563624 218563624 218563624 218563624 218563624 218563624 218563624 218563624
354616826
TestCase-107
9
1 2 3 3 3 3 3 4 5
3
TestCase-108
9
7 8 8 8 9 9 9 10 11
8
TestCase-109
10
3 3 3 3 3 5 5 5 5 5
3
TestCase-110
10
6 6 6 6 6 6 7 8 9 10
6
