100
TestCase-1
0
99
0
TestCase-2
-100
100
101
-100 -98 -96 -94 -92 -90 -88 -86 -84 -82 -80 -78 -76 -74 -72 -70 -68 -66 -64 -62 -60 -58 -56 -54 -52 -50 -48 -46 -44 -42 -40 -38 -36 -34 -32 -30 -28 -26 -24 -22 -20 -18 -16 -14 -12 -10 -8 -6 -4 -2 0 2 4 6 8 10 12 14 16 18 20 22 24 26 28 30 32 34 36 38 40 42 44 46 48 50 52 54 56 58 60 62 64 66 68 70 72 74 76 78 80 82 84 86 88 90 92 94 96 98 100
TestCase-3
999999990
1000000000
2
999999995 999999999
TestCase-4
-1000000000
-999999990
3
-1000000000 -999999998 -999999995
TestCase-5
357595481
357596178
5
357595551 357595575 357595583 357595739 357595833
TestCase-6
-41810745
-41810209
100
-41810731 -41810729 -41810726 -41810717 -41810715 -41810701 -41810700 -41810690 -41810673 -41810671 -41810667 -41810664 -41810645 -41810631 -41810624 -41810611 -41810609 -41810599 -41810597 -41810596 -41810595 -41810587 -41810586 -41810583 -41810577 -41810557 -41810552 -41810542 -41810538 -41810533 -41810530 -41810524 -41810514 -41810512 -41810501 -41810496 -41810494 -41810493 -41810487 -41810484 -41810480 -41810479 -41810476 -41810473 -41810467 -41810460 -41810457 -41810452 -41810447 -41810440 -41810438 -41810434 -41810421 -41810418 -41810413 -41810410 -41810406 -41810404 -41810395 -41810392 -41810389 -41810383 -41810380 -41810376 -41810371 -41810370 -41810368 -41810348 -41810341 -41810337 -41810332 -41810329 -41810322 -41810316 -41810315 -41810312 -41810311 -41810306 -41810305 -41810301 -41810300 -41810298 -41810290 -41810288 -41810272 -41810264 -41810261 -41810260 -41810256 -41810248 -41810233 -41810232 -41810227 -41810224 -41810222 -41810221 -41810220 -41810217 -41810216 -41810210
TestCase-7
224308117
224308633
61
224308119 224308126 224308141 224308157 224308165 224308166 224308174 224308181 224308193 224308208 224308250 224308257 224308259 224308264 224308269 224308270 224308272 224308292 224308302 224308308 224308315 224308319 224308348 224308358 224308375 224308404 224308408 224308409 224308418 224308424 224308428 224308431 224308433 224308442 224308444 224308460 224308465 224308473 224308477 224308479 224308488 224308490 224308501 224308502 224308504 224308508 224308513 224308515 224308527 224308541 224308549 224308571 224308572 224308577 224308580 224308588 224308594 224308605 224308618 224308621 224308624
TestCase-8
-15512612
-15512012
90
-15512602 -15512600 -15512599 -15512589 -15512585 -15512582 -15512580 -15512566 -15512564 -15512561 -15512554 -15512553 -15512525 -15512520 -15512516 -15512512 -15512511 -15512500 -15512497 -15512495 -15512491 -15512486 -15512485 -15512484 -15512479 -15512466 -15512460 -15512459 -15512438 -15512437 -15512428 -15512424 -15512422 -15512407 -15512398 -15512396 -15512394 -15512393 -15512388 -15512379 -15512373 -15512365 -15512363 -15512362 -15512358 -15512357 -15512348 -15512334 -15512333 -15512320 -15512318 -15512317 -15512313 -15512306 -15512291 -15512277 -15512268 -15512263 -15512260 -15512253 -15512239 -15512233 -15512228 -15512227 -15512223 -15512210 -15512199 -15512176 -15512166 -15512165 -15512162 -15512139 -15512136 -15512134 -15512131 -15512127 -15512120 -15512106 -15512093 -15512081 -15512080 -15512078 -15512077 -15512071 -15512064 -15512055 -15512053 -15512051 -15512044 -15512015
TestCase-9
186082603
186083289
48
186082638 186082658 186082686 186082693 186082704 186082715 186082734 186082738 186082750 186082794 186082812 186082828 186082830 186082838 186082848 186082860 186082880 186082888 186082897 186082932 186082936 186082942 186082948 186082977 186082978 186082988 186083003 186083007 186083008 186083009 186083014 186083029 186083037 186083052 186083073 186083088 186083102 186083111 186083120 186083126 186083141 186083161 186083166 186083167 186083171 186083212 186083272 186083285
TestCase-10
-744532720
-744531805
59
-744532717 -744532713 -744532696 -744532685 -744532683 -744532673 -744532671 -744532657 -744532611 -744532598 -744532570 -744532548 -744532546 -744532521 -744532504 -744532499 -744532494 -744532475 -744532459 -744532448 -744532447 -744532446 -744532444 -744532393 -744532370 -744532352 -744532343 -744532328 -744532310 -744532268 -744532225 -744532219 -744532211 -744532179 -744532173 -744532150 -744532109 -744532096 -744532077 -744532068 -744532063 -744532052 -744532042 -744532041 -744532040 -744532036 -744532032 -744532031 -744532024 -744531995 -744531964 -744531944 -744531928 -744531906 -744531893 -744531884 -744531879 -744531825 -744531822
TestCase-11
-56283695
-56283065
41
-56283690 -56283665 -56283661 -56283641 -56283615 -56283608 -56283598 -56283592 -56283580 -56283539 -56283521 -56283517 -56283491 -56283456 -56283443 -56283425 -56283420 -56283412 -56283401 -56283377 -56283345 -56283336 -56283327 -56283308 -56283296 -56283294 -56283292 -56283269 -56283247 -56283243 -56283239 -56283201 -56283199 -56283198 -56283192 -56283191 -56283189 -56283153 -56283150 -56283148 -56283077
TestCase-12
-320301370
-320300499
96
-320301370 -320301352 -320301350 -320301324 -320301320 -320301318 -320301317 -320301316 -320301314 -320301307 -320301270 -320301266 -320301264 -320301259 -320301257 -320301255 -320301250 -320301240 -320301232 -320301230 -320301220 -320301217 -320301200 -320301188 -320301184 -320301160 -320301145 -320301118 -320301110 -320301080 -320301077 -320301063 -320301054 -320301051 -320301047 -320301040 -320301032 -320301021 -320301016 -320301009 -320301007 -320300994 -320300993 -320300988 -320300976 -320300971 -320300932 -320300920 -320300916 -320300908 -320300905 -320300899 -320300886 -320300883 -320300867 -320300866 -320300863 -320300857 -320300852 -320300849 -320300813 -320300802 -320300781 -320300774 -320300768 -320300767 -320300751 -320300750 -320300741 -320300739 -320300738 -320300736 -320300732 -320300729 -320300726 -320300720 -320300712 -320300711 -320300707 -320300691 -320300677 -320300666 -320300655 -320300625 -320300623 -320300616 -320300594 -320300561 -320300557 -320300555 -320300547 -320300545 -320300543 -320300530 -320300509 -320300504
TestCase-13
652884788
652885328
83
652884791 652884800 652884808 652884810 652884844 652884861 652884865 652884866 652884869 652884875 652884883 652884887 652884891 652884898 652884917 652884918 652884921 652884923 652884931 652884932 652884936 652884937 652884946 652884957 652884961 652884964 652884976 652884989 652884994 652885000 652885003 652885018 652885024 652885025 652885026 652885036 652885040 652885048 652885059 652885061 652885066 652885069 652885070 652885079 652885085 652885101 652885102 652885108 652885109 652885117 652885135 652885145 652885151 652885154 652885155 652885172 652885174 652885175 652885213 652885219 652885223 652885226 652885238 652885246 652885247 652885250 652885254 652885258 652885259 652885265 652885268 652885273 652885278 652885280 652885281 652885302 652885306 652885308 652885318 652885319 652885324 652885325 652885326
TestCase-14
-69288785
-69288012
48
-69288770 -69288761 -69288749 -69288738 -69288696 -69288695 -69288659 -69288654 -69288651 -69288646 -69288635 -69288600 -69288597 -69288586 -69288561 -69288543 -69288536 -69288489 -69288480 -69288468 -69288465 -69288463 -69288437 -69288432 -69288353 -69288314 -69288301 -69288271 -69288213 -69288205 -69288194 -69288177 -69288169 -69288166 -69288165 -69288162 -69288154 -69288145 -69288136 -69288115 -69288108 -69288087 -69288081 -69288077 -69288059 -69288050 -69288037 -69288031
TestCase-15
353528891
353529589
52
353528907 353528908 353528919 353528951 353528969 353528982 353528999 353529006 353529007 353529011 353529022 353529033 353529055 353529056 353529057 353529072 353529078 353529079 353529104 353529133 353529138 353529139 353529142 353529151 353529164 353529168 353529175 353529198 353529215 353529217 353529223 353529253 353529260 353529283 353529292 353529296 353529303 353529311 353529316 353529353 353529361 353529375 353529404 353529431 353529459 353529503 353529512 353529515 353529532 353529542 353529555 353529565
TestCase-16
-810104338
-810103695
31
-810104318 -810104293 -810104291 -810104281 -810104276 -810104268 -810104234 -810104217 -810104160 -810104154 -810104130 -810104105 -810104078 -810104049 -810103974 -810103960 -810103959 -810103952 -810103951 -810103945 -810103937 -810103897 -810103874 -810103859 -810103839 -810103825 -810103823 -810103802 -810103783 -810103779 -810103755
TestCase-17
834147962
834148824
42
834147992 834148045 834148051 834148054 834148068 834148072 834148084 834148101 834148120 834148126 834148139 834148143 834148164 834148173 834148175 834148263 834148269 834148322 834148325 834148337 834148340 834148372 834148415 834148434 834148456 834148469 834148501 834148509 834148521 834148574 834148644 834148647 834148651 834148652 834148667 834148676 834148680 834148702 834148731 834148785 834148793 834148810
TestCase-18
176629952
176630879
66
176629954 176629961 176629962 176630026 176630038 176630042 176630057 176630058 176630070 176630082 176630090 176630099 176630115 176630119 176630141 176630182 176630191 176630198 176630219 176630259 176630276 176630297 176630299 176630303 176630306 176630326 176630335 176630355 176630360 176630367 176630376 176630381 176630390 176630399 176630406 176630417 176630426 176630432 176630437 176630507 176630514 176630523 176630546 176630547 176630556 176630573 176630588 176630593 176630607 176630610 176630663 176630667 176630692 176630721 176630727 176630745 176630784 176630787 176630812 176630816 176630823 176630827 176630831 176630844 176630873 176630879
TestCase-19
-10859281
-10858770
71
-10859276 -10859275 -10859274 -10859250 -10859247 -10859229 -10859220 -10859219 -10859204 -10859197 -10859195 -10859193 -10859191 -10859169 -10859167 -10859164 -10859161 -10859155 -10859154 -10859123 -10859114 -10859110 -10859107 -10859079 -10859055 -10859051 -10859047 -10859041 -10859039 -10859030 -10859029 -10859019 -10859011 -10859010 -10859009 -10859005 -10858998 -10858995 -10858973 -10858970 -10858967 -10858962 -10858960 -10858955 -10858953 -10858950 -10858947 -10858937 -10858922 -10858917 -10858912 -10858907 -10858896 -10858891 -10858888 -10858885 -10858875 -10858871 -10858870 -10858863 -10858840 -10858838 -10858837 -10858834 -10858829 -10858826 -10858820 -10858819 -10858818 -10858776 -10858773
TestCase-20
-592605705
-592604784
6
-592605636 -592605378 -592605071 -592604976 -592604825 -592604798
TestCase-21
-996699028
-996698425
27
-996698986 -996698981 -996698945 -996698912 -996698869 -996698847 -996698820 -996698789 -996698721 -996698667 -996698646 -996698629 -996698619 -996698585 -996698584 -996698568 -996698567 -996698565 -996698539 -996698532 -996698530 -996698513 -996698487 -996698472 -996698467 -996698457 -996698431
TestCase-22
-28957264
-28956508
84
-28957255 -28957239 -28957221 -28957212 -28957211 -28957210 -28957209 -28957205 -28957197 -28957174 -28957163 -28957148 -28957142 -28957097 -28957084 -28957079 -28957076 -28957062 -28957055 -28957053 -28957052 -28957048 -28957041 -28957035 -28957034 -28957021 -28957018 -28957012 -28957003 -28956995 -28956989 -28956984 -28956974 -28956943 -28956931 -28956926 -28956922 -28956918 -28956907 -28956895 -28956894 -28956883 -28956866 -28956861 -28956842 -28956819 -28956778 -28956777 -28956771 -28956769 -28956763 -28956757 -28956752 -28956751 -28956750 -28956741 -28956727 -28956711 -28956704 -28956701 -28956690 -28956688 -28956686 -28956685 -28956660 -28956659 -28956657 -28956647 -28956645 -28956621 -28956619 -28956612 -28956601 -28956600 -28956572 -28956543 -28956542 -28956541 -28956539 -28956531 -28956526 -28956525 -28956515 -28956514
TestCase-23
-978874871
-978873967
14
-978874749 -978874746 -978874533 -978874452 -978874441 -978874423 -978874413 -978874396 -978874297 -978874281 -978874235 -978874207 -978874187 -978874076
TestCase-24
442005230
442006072
33
442005258 442005263 442005264 442005267 442005269 442005344 442005404 442005547 442005565 442005566 442005605 442005620 442005645 442005647 442005727 442005731 442005743 442005745 442005746 442005760 442005761 442005813 442005830 442005845 442005858 442005860 442005923 442005950 442005978 442005991 442006037 442006060 442006070
TestCase-25
373685829
373686810
14
373685843 373685890 373685899 373686023 373686112 373686155 373686157 373686180 373686235 373686250 373686290 373686439 373686471 373686530
TestCase-26
-781559397
-781558846
94
-781559396 -781559395 -781559394 -781559385 -781559384 -781559381 -781559369 -781559364 -781559356 -781559349 -781559345 -781559338 -781559335 -781559328 -781559319 -781559304 -781559303 -781559299 -781559298 -781559294 -781559293 -781559284 -781559280 -781559279 -781559276 -781559267 -781559263 -781559257 -781559255 -781559249 -781559248 -781559242 -781559241 -781559238 -781559223 -781559217 -781559211 -781559198 -781559197 -781559193 -781559190 -781559182 -781559179 -781559170 -781559163 -781559158 -781559157 -781559151 -781559150 -781559145 -781559140 -781559138 -781559121 -781559118 -781559115 -781559084 -781559078 -781559071 -781559069 -781559067 -781559065 -781559064 -781559063 -781559062 -781559059 -781559053 -781559047 -781559042 -781559034 -781559033 -781559014 -781559013 -781559009 -781559008 -781559004 -781558996 -781558992 -781558982 -781558978 -781558972 -781558953 -781558940 -781558935 -781558934 -781558930 -781558922 -781558895 -781558892 -781558874 -781558871 -781558866 -781558859 -781558849 -781558848
TestCase-27
450521869
450522513
3
450521990 450521993 450522212
TestCase-28
669611914
669612713
38
669611939 669611955 669611985 669612020 669612052 669612060 669612111 669612120 669612126 669612127 669612144 669612170 669612177 669612179 669612189 669612190 669612196 669612228 669612237 669612253 669612280 669612290 669612385 669612417 669612483 669612527 669612530 669612538 669612547 669612605 669612626 669612633 669612637 669612639 669612659 669612661 669612671 669612699
TestCase-29
741346369
741347334
1
741346518
TestCase-30
58275758
58276602
67
58275784 58275788 58275794 58275797 58275804 58275806 58275817 58275822 58275827 58275849 58275853 58275854 58275874 58275893 58275895 58275898 58275904 58275915 58275926 58275932 58275959 58276053 58276072 58276082 58276089 58276090 58276106 58276120 58276123 58276129 58276149 58276156 58276159 58276163 58276165 58276178 58276186 58276198 58276218 58276223 58276233 58276242 58276245 58276304 58276305 58276319 58276334 58276351 58276357 58276358 58276370 58276388 58276402 58276407 58276433 58276443 58276448 58276449 58276512 58276528 58276534 58276552 58276553 58276564 58276568 58276582 58276600
TestCase-31
651388896
651389658
83
651388896 651388899 651388900 651388913 651388914 651388925 651388942 651388944 651388950 651388961 651388967 651388971 651388972 651388980 651388988 651388992 651388998 651389031 651389043 651389057 651389060 651389063 651389068 651389074 651389077 651389079 651389080 651389081 651389085 651389086 651389109 651389110 651389111 651389114 651389128 651389140 651389155 651389174 651389188 651389194 651389199 651389224 651389256 651389290 651389316 651389333 651389343 651389345 651389348 651389370 651389394 651389398 651389400 651389409 651389447 651389453 651389464 651389471 651389482 651389498 651389501 651389514 651389517 651389520 651389532 651389534 651389541 651389543 651389553 651389562 651389564 651389569 651389577 651389581 651389591 651389600 651389607 651389625 651389627 651389631 651389651 651389654 651389655
TestCase-32
-744263937
-744263075
28
-744263911 -744263887 -744263881 -744263736 -744263729 -744263673 -744263646 -744263636 -744263628 -744263604 -744263594 -744263590 -744263573 -744263518 -744263498 -744263493 -744263484 -744263397 -744263337 -744263271 -744263269 -744263261 -744263254 -744263231 -744263227 -744263165 -744263147 -744263124
TestCase-33
724247674
724248425
83
724247679 724247684 724247689 724247692 724247697 724247699 724247700 724247701 724247703 724247744 724247755 724247756 724247761 724247779 724247784 724247789 724247802 724247805 724247809 724247813 724247815 724247817 724247824 724247852 724247868 724247871 724247912 724247916 724247969 724247986 724247992 724247993 724247997 724248000 724248002 724248005 724248010 724248014 724248017 724248030 724248035 724248045 724248048 724248070 724248072 724248073 724248084 724248104 724248122 724248125 724248127 724248133 724248138 724248149 724248155 724248161 724248162 724248178 724248181 724248186 724248195 724248222 724248224 724248226 724248229 724248250 724248252 724248283 724248312 724248314 724248316 724248327 724248330 724248335 724248344 724248357 724248374 724248377 724248378 724248383 724248398 724248422 724248423
TestCase-34
271875712
271876692
0
TestCase-35
-191800935
-191800183
87
-191800928 -191800925 -191800924 -191800923 -191800922 -191800915 -191800913 -191800897 -191800889 -191800883 -191800878 -191800867 -191800860 -191800857 -191800847 -191800834 -191800825 -191800822 -191800798 -191800784 -191800778 -191800756 -191800754 -191800753 -191800735 -191800722 -191800719 -191800711 -191800704 -191800692 -191800689 -191800684 -191800678 -191800668 -191800662 -191800653 -191800636 -191800631 -191800626 -191800612 -191800603 -191800586 -191800583 -191800578 -191800573 -191800565 -191800561 -191800559 -191800557 -191800552 -191800545 -191800538 -191800535 -191800526 -191800513 -191800482 -191800454 -191800443 -191800429 -191800424 -191800411 -191800410 -191800408 -191800395 -191800393 -191800381 -191800380 -191800351 -191800328 -191800326 -191800322 -191800302 -191800300 -191800285 -191800275 -191800269 -191800265 -191800261 -191800247 -191800232 -191800230 -191800229 -191800212 -191800203 -191800198 -191800192 -191800191
TestCase-36
-296984829
-296984312
16
-296984728 -296984682 -296984665 -296984658 -296984656 -296984647 -296984580 -296984559 -296984521 -296984495 -296984443 -296984440 -296984432 -296984421 -296984406 -296984373
TestCase-37
-93298357
-93297468
38
-93298281 -93298280 -93298246 -93298239 -93298207 -93298182 -93298142 -93298099 -93298051 -93298048 -93298044 -93298009 -93297997 -93297915 -93297912 -93297904 -93297903 -93297860 -93297827 -93297784 -93297768 -93297763 -93297760 -93297752 -93297751 -93297738 -93297702 -93297671 -93297639 -93297622 -93297621 -93297619 -93297574 -93297569 -93297562 -93297493 -93297484 -93297469
TestCase-38
435271304
435272085
64
435271305 435271382 435271411 435271414 435271429 435271437 435271438 435271444 435271461 435271470 435271475 435271484 435271506 435271510 435271520 435271552 435271554 435271568 435271574 435271578 435271581 435271593 435271603 435271604 435271622 435271623 435271635 435271654 435271659 435271661 435271673 435271713 435271715 435271720 435271726 435271735 435271770 435271779 435271781 435271808 435271809 435271838 435271839 435271851 435271852 435271864 435271872 435271885 435271890 435271891 435271896 435271898 435271912 435271918 435271922 435271971 435271972 435271999 435272001 435272005 435272017 435272026 435272045 435272060
TestCase-39
396008046
396008901
100
396008061 396008062 396008064 396008068 396008072 396008086 396008096 396008103 396008106 396008112 396008117 396008118 396008129 396008130 396008134 396008144 396008149 396008179 396008180 396008182 396008187 396008203 396008209 396008215 396008220 396008238 396008241 396008256 396008261 396008266 396008269 396008273 396008294 396008304 396008312 396008314 396008327 396008352 396008354 396008364 396008367 396008383 396008385 396008401 396008404 396008412 396008422 396008445 396008447 396008454 396008456 396008482 396008524 396008526 396008530 396008531 396008533 396008540 396008545 396008549 396008560 396008575 396008583 396008587 396008590 396008600 396008601 396008603 396008604 396008610 396008633 396008640 396008645 396008651 396008677 396008688 396008689 396008696 396008711 396008716 396008733 396008734 396008749 396008755 396008759 396008761 396008779 396008810 396008816 396008825 396008833 396008843 396008844 396008851 396008864 396008869 396008870 396008878 396008886 396008896
TestCase-40
394842367
394842979
28
394842385 394842403 394842411 394842416 394842436 394842441 394842445 394842462 394842485 394842501 394842524 394842555 394842561 394842572 394842576 394842608 394842670 394842683 394842693 394842702 394842760 394842772 394842835 394842842 394842884 394842943 394842952 394842977
TestCase-41
-39039705
-39038986
30
-39039685 -39039670 -39039578 -39039539 -39039520 -39039490 -39039485 -39039366 -39039356 -39039305 -39039273 -39039252 -39039247 -39039240 -39039214 -39039201 -39039180 -39039178 -39039169 -39039155 -39039128 -39039126 -39039125 -39039103 -39039100 -39039098 -39039046 -39039037 -39039032 -39039025
TestCase-42
730715773
730716335
4
730715830 730715872 730715893 730715916
TestCase-43
289164776
289165304
41
289164811 289164817 289164826 289164834 289164866 289164867 289164869 289164892 289164893 289164908 289164912 289164921 289164958 289164993 289164999 289165019 289165024 289165030 289165031 289165073 289165087 289165097 289165111 289165112 289165188 289165192 289165207 289165216 289165222 289165224 289165226 289165240 289165255 289165262 289165265 289165266 289165273 289165281 289165296 289165298 289165299
TestCase-44
785170713
785171380
77
785170719 785170738 785170742 785170743 785170751 785170756 785170762 785170764 785170779 785170783 785170804 785170812 785170828 785170842 785170845 785170850 785170859 785170863 785170891 785170892 785170902 785170914 785170920 785170921 785170924 785170929 785170949 785170951 785170958 785170961 785170965 785170988 785170990 785170991 785171000 785171012 785171013 785171015 785171029 785171048 785171049 785171058 785171060 785171061 785171074 785171085 785171086 785171089 785171094 785171121 785171124 785171146 785171151 785171152 785171179 785171186 785171193 785171195 785171199 785171201 785171204 785171213 785171240 785171244 785171249 785171262 785171265 785171282 785171293 785171296 785171300 785171309 785171339 785171345 785171348 785171368 785171371
TestCase-45
-946876612
-946875918
15
-946876586 -946876568 -946876500 -946876499 -946876490 -946876448 -946876446 -946876417 -946876409 -946876405 -946876362 -946876256 -946876247 -946876177 -946875971
TestCase-46
-87481306
-87480361
49
-87481301 -87481267 -87481266 -87481228 -87481186 -87481168 -87481144 -87481133 -87481129 -87481116 -87481075 -87481062 -87481045 -87481015 -87481014 -87480994 -87480985 -87480980 -87480963 -87480962 -87480905 -87480901 -87480896 -87480887 -87480866 -87480796 -87480788 -87480751 -87480750 -87480714 -87480701 -87480700 -87480694 -87480669 -87480642 -87480638 -87480621 -87480548 -87480521 -87480505 -87480491 -87480489 -87480468 -87480453 -87480444 -87480436 -87480418 -87480391 -87480371
TestCase-47
763631362
763632233
26
763631378 763631380 763631401 763631409 763631410 763631443 763631474 763631506 763631536 763631635 763631648 763631669 763631673 763631714 763631781 763631844 763631855 763631857 763631883 763631924 763631976 763631977 763632000 763632022 763632125 763632177
TestCase-48
-7818584
-7818039
35
-7818583 -7818561 -7818559 -7818556 -7818519 -7818506 -7818486 -7818463 -7818432 -7818416 -7818394 -7818393 -7818390 -7818359 -7818355 -7818326 -7818322 -7818321 -7818300 -7818290 -7818278 -7818261 -7818248 -7818246 -7818223 -7818222 -7818220 -7818219 -7818197 -7818187 -7818171 -7818149 -7818068 -7818057 -7818050
TestCase-49
878761308
878762264
30
878761351 878761374 878761392 878761407 878761409 878761458 878761507 878761516 878761521 878761616 878761636 878761651 878761703 878761707 878761753 878761813 878761815 878761821 878761922 878761926 878761943 878761951 878762000 878762045 878762072 878762093 878762112 878762124 878762234 878762243
TestCase-50
580893224
580894055
95
580893239 580893242 580893251 580893281 580893292 580893296 580893298 580893315 580893320 580893340 580893354 580893355 580893357 580893362 580893367 580893377 580893380 580893382 580893383 580893385 580893397 580893400 580893412 580893415 580893417 580893429 580893438 580893455 580893456 580893457 580893472 580893489 580893492 580893493 580893497 580893500 580893510 580893525 580893529 580893543 580893547 580893574 580893575 580893576 580893593 580893602 580893608 580893613 580893615 580893629 580893635 580893680 580893681 580893684 580893699 580893718 580893720 580893723 580893728 580893730 580893735 580893741 580893742 580893744 580893751 580893753 580893754 580893757 580893764 580893780 580893785 580893787 580893790 580893803 580893805 580893825 580893849 580893910 580893921 580893926 580893930 580893933 580893938 580893941 580893943 580893944 580893957 580893958 580894000 580894020 580894027 580894032 580894037 580894051 580894052
TestCase-51
650428736
650429574
7
650428941 650428996 650429060 650429171 650429195 650429219 650429501
TestCase-52
-420442754
-420442105
45
-420442752 -420442747 -420442702 -420442691 -420442674 -420442659 -420442643 -420442618 -420442608 -420442596 -420442588 -420442583 -420442577 -420442549 -420442542 -420442520 -420442490 -420442473 -420442441 -420442423 -420442398 -420442393 -420442376 -420442375 -420442373 -420442358 -420442348 -420442331 -420442324 -420442320 -420442318 -420442315 -420442300 -420442298 -420442290 -420442258 -420442253 -420442240 -420442230 -420442202 -420442174 -420442168 -420442164 -420442138 -420442133
TestCase-53
526892428
526893105
30
526892461 526892476 526892477 526892493 526892505 526892516 526892543 526892544 526892556 526892573 526892619 526892629 526892645 526892656 526892672 526892699 526892752 526892763 526892794 526892811 526892821 526892837 526892850 526892902 526892919 526892922 526892937 526892949 526892985 526893038
TestCase-54
743809696
743810521
55
743809701 743809723 743809736 743809742 743809752 743809764 743809780 743809796 743809798 743809804 743809831 743809832 743809853 743809870 743809875 743809899 743809948 743809956 743809988 743810005 743810016 743810027 743810047 743810064 743810082 743810089 743810097 743810107 743810115 743810116 743810135 743810142 743810168 743810175 743810183 743810237 743810306 743810313 743810355 743810359 743810382 743810388 743810392 743810404 743810410 743810448 743810453 743810458 743810463 743810473 743810477 743810482 743810485 743810499 743810508
TestCase-55
-524564010
-524563245
32
-524563954 -524563937 -524563917 -524563886 -524563875 -524563869 -524563836 -524563820 -524563818 -524563804 -524563798 -524563792 -524563743 -524563687 -524563676 -524563654 -524563642 -524563637 -524563597 -524563593 -524563566 -524563532 -524563509 -524563490 -524563440 -524563413 -524563383 -524563366 -524563334 -524563315 -524563313 -524563261
TestCase-56
-477102129
-477101255
53
-477102129 -477102125 -477102111 -477102110 -477102109 -477102074 -477102056 -477102038 -477101987 -477101943 -477101926 -477101899 -477101881 -477101856 -477101851 -477101845 -477101796 -477101780 -477101773 -477101762 -477101755 -477101738 -477101731 -477101722 -477101711 -477101694 -477101687 -477101666 -477101658 -477101652 -477101593 -477101587 -477101573 -477101572 -477101570 -477101539 -477101538 -477101520 -477101496 -477101485 -477101462 -477101450 -477101416 -477101412 -477101398 -477101375 -477101365 -477101337 -477101312 -477101304 -477101302 -477101288 -477101268
TestCase-57
520674164
520674914
56
520674175 520674176 520674195 520674198 520674207 520674223 520674248 520674258 520674262 520674266 520674275 520674277 520674287 520674291 520674341 520674374 520674396 520674401 520674408 520674425 520674435 520674438 520674450 520674453 520674463 520674487 520674498 520674501 520674536 520674539 520674565 520674605 520674620 520674649 520674661 520674671 520674675 520674702 520674733 520674735 520674739 520674746 520674752 520674763 520674770 520674803 520674813 520674831 520674833 520674842 520674848 520674870 520674896 520674899 520674905 520674910
TestCase-58
986551834
986552729
43
986551835 986551845 986551864 986551880 986551912 986552005 986552024 986552035 986552048 986552071 986552084 986552096 986552113 986552114 986552123 986552130 986552135 986552137 986552141 986552147 986552267 986552291 986552293 986552301 986552304 986552312 986552325 986552356 986552382 986552393 986552394 986552416 986552446 986552537 986552549 986552558 986552576 986552621 986552627 986552635 986552650 986552665 986552673
TestCase-59
-415443864
-415443080
57
-415443860 -415443791 -415443773 -415443772 -415443764 -415443761 -415443744 -415443743 -415443736 -415443730 -415443726 -415443697 -415443692 -415443682 -415443645 -415443627 -415443618 -415443589 -415443582 -415443565 -415443549 -415443538 -415443532 -415443514 -415443512 -415443496 -415443466 -415443463 -415443431 -415443392 -415443389 -415443387 -415443385 -415443370 -415443359 -415443339 -415443300 -415443296 -415443292 -415443274 -415443260 -415443258 -415443252 -415443245 -415443223 -415443215 -415443209 -415443184 -415443182 -415443171 -415443164 -415443162 -415443161 -415443142 -415443138 -415443090 -415443081
TestCase-60
921915429
921916103
32
921915464 921915466 921915495 921915519 921915538 921915551 921915559 921915583 921915586 921915597 921915632 921915636 921915646 921915656 921915694 921915754 921915756 921915795 921915801 921915803 921915822 921915823 921915865 921915936 921915957 921915971 921915990 921916011 921916015 921916032 921916035 921916040
TestCase-61
393919624
393920563
96
393919629 393919631 393919637 393919640 393919641 393919645 393919652 393919660 393919669 393919672 393919683 393919702 393919705 393919711 393919712 393919717 393919735 393919747 393919755 393919764 393919769 393919776 393919780 393919781 393919783 393919786 393919822 393919831 393919838 393919860 393919915 393919922 393919931 393919940 393919942 393919947 393919948 393919952 393919955 393919957 393919960 393919970 393919973 393919975 393919980 393919988 393919994 393919998 393920009 393920042 393920072 393920077 393920092 393920099 393920107 393920112 393920122 393920127 393920128 393920141 393920177 393920186 393920221 393920245 393920249 393920256 393920259 393920271 393920275 393920280 393920288 393920296 393920302 393920311 393920317 393920338 393920363 393920370 393920371 393920382 393920400 393920401 393920435 393920445 393920464 393920466 393920476 393920484 393920496 393920497 393920513 393920520 393920522 393920529 393920557 393920559
TestCase-62
-562533715
-562533115
89
-562533706 -562533701 -562533693 -562533691 -562533689 -562533683 -562533679 -562533664 -562533659 -562533658 -562533657 -562533652 -562533647 -562533634 -562533630 -562533605 -562533600 -562533599 -562533590 -562533588 -562533585 -562533581 -562533579 -562533578 -562533572 -562533554 -562533552 -562533542 -562533530 -562533529 -562533517 -562533514 -562533507 -562533505 -562533491 -562533483 -562533475 -562533467 -562533465 -562533463 -562533459 -562533450 -562533447 -562533444 -562533442 -562533437 -562533422 -562533421 -562533414 -562533407 -562533390 -562533389 -562533374 -562533361 -562533356 -562533352 -562533347 -562533334 -562533316 -562533312 -562533305 -562533301 -562533296 -562533291 -562533285 -562533284 -562533281 -562533272 -562533269 -562533268 -562533267 -562533263 -562533262 -562533229 -562533227 -562533217 -562533216 -562533210 -562533206 -562533203 -562533194 -562533188 -562533185 -562533183 -562533182 -562533168 -562533158 -562533126 -562533116
TestCase-63
225612296
225613139
58
225612304 225612316 225612320 225612339 225612348 225612352 225612369 225612370 225612401 225612557 225612560 225612569 225612584 225612597 225612600 225612615 225612618 225612632 225612643 225612656 225612673 225612693 225612700 225612705 225612707 225612711 225612716 225612779 225612791 225612810 225612817 225612825 225612826 225612831 225612835 225612848 225612859 225612880 225612887 225612888 225612891 225612897 225612910 225612948 225612961 225612964 225612992 225613002 225613006 225613010 225613015 225613021 225613056 225613058 225613062 225613120 225613122 225613135
TestCase-64
-641458212
-641457602
53
-641458203 -641458195 -641458194 -641458181 -641458164 -641458159 -641458152 -641458148 -641458147 -641458125 -641458121 -641458107 -641458100 -641458085 -641458067 -641458036 -641458000 -641457992 -641457983 -641457968 -641457953 -641457946 -641457920 -641457917 -641457903 -641457885 -641457884 -641457875 -641457853 -641457851 -641457838 -641457820 -641457816 -641457809 -641457776 -641457773 -641457765 -641457764 -641457753 -641457751 -641457739 -641457728 -641457722 -641457717 -641457709 -641457704 -641457688 -641457679 -641457672 -641457667 -641457651 -641457649 -641457637
TestCase-65
-32473938
-32473216
98
-32473934 -32473923 -32473922 -32473911 -32473908 -32473906 -32473895 -32473884 -32473877 -32473876 -32473874 -32473871 -32473857 -32473856 -32473847 -32473837 -32473829 -32473825 -32473818 -32473801 -32473797 -32473780 -32473776 -32473775 -32473770 -32473764 -32473762 -32473758 -32473756 -32473749 -32473737 -32473727 -32473718 -32473712 -32473709 -32473706 -32473699 -32473697 -32473664 -32473656 -32473652 -32473643 -32473638 -32473632 -32473604 -32473603 -32473600 -32473593 -32473590 -32473589 -32473583 -32473567 -32473553 -32473551 -32473550 -32473538 -32473526 -32473525 -32473523 -32473518 -32473514 -32473501 -32473489 -32473482 -32473477 -32473471 -32473456 -32473451 -32473450 -32473448 -32473447 -32473443 -32473411 -32473398 -32473393 -32473388 -32473370 -32473365 -32473364 -32473349 -32473348 -32473327 -32473326 -32473319 -32473318 -32473316 -32473314 -32473306 -32473292 -32473286 -32473284 -32473279 -32473272 -32473254 -32473249 -32473243 -32473241 -32473227
TestCase-66
-150054255
-150053275
27
-150054252 -150054238 -150054226 -150054156 -150054105 -150054097 -150053962 -150053872 -150053854 -150053839 -150053838 -150053798 -150053752 -150053684 -150053671 -150053621 -150053609 -150053571 -150053564 -150053558 -150053546 -150053459 -150053441 -150053337 -150053328 -150053324 -150053278
TestCase-67
386997124
386997867
53
386997158 386997186 386997198 386997206 386997214 386997221 386997223 386997243 386997244 386997246 386997256 386997257 386997308 386997327 386997332 386997368 386997369 386997423 386997475 386997477 386997478 386997479 386997486 386997490 386997493 386997496 386997507 386997508 386997510 386997519 386997536 386997570 386997579 386997582 386997583 386997588 386997603 386997623 386997631 386997655 386997670 386997671 386997689 386997690 386997695 386997696 386997721 386997784 386997799 386997800 386997807 386997823 386997853
TestCase-68
32525888
32526858
74
32525930 32525939 32525942 32525949 32525951 32525982 32525984 32526006 32526008 32526025 32526047 32526059 32526066 32526067 32526090 32526112 32526127 32526129 32526144 32526166 32526174 32526184 32526185 32526194 32526209 32526214 32526220 32526231 32526246 32526274 32526296 32526334 32526341 32526397 32526405 32526414 32526422 32526447 32526454 32526455 32526458 32526460 32526474 32526518 32526539 32526551 32526553 32526555 32526563 32526565 32526570 32526608 32526622 32526634 32526648 32526668 32526682 32526698 32526699 32526709 32526718 32526726 32526751 32526758 32526762 32526767 32526772 32526773 32526791 32526801 32526825 32526826 32526830 32526842
TestCase-69
-358263042
-358262223
81
-358263030 -358263029 -358263024 -358263000 -358262988 -358262986 -358262980 -358262979 -358262976 -358262944 -358262931 -358262916 -358262899 -358262893 -358262892 -358262886 -358262842 -358262833 -358262825 -358262822 -358262809 -358262808 -358262807 -358262787 -358262779 -358262777 -358262772 -358262747 -358262746 -358262737 -358262732 -358262728 -358262716 -358262691 -358262677 -358262675 -358262666 -358262648 -358262644 -358262604 -358262597 -358262582 -358262578 -358262577 -358262570 -358262562 -358262546 -358262545 -358262533 -358262528 -358262525 -358262521 -358262520 -358262502 -358262497 -358262493 -358262483 -358262482 -358262453 -358262435 -358262434 -358262428 -358262427 -358262414 -358262411 -358262406 -358262379 -358262376 -358262336 -358262327 -358262316 -358262315 -358262311 -358262302 -358262297 -358262293 -358262285 -358262266 -358262265 -358262253 -358262231
TestCase-70
942019272
942019932
15
942019288 942019334 942019375 942019473 942019491 942019517 942019605 942019657 942019707 942019712 942019743 942019829 942019834 942019840 942019919
TestCase-71
-32195137
-32194532
29
-32195105 -32195100 -32195087 -32195068 -32195005 -32195003 -32194934 -32194928 -32194926 -32194919 -32194914 -32194875 -32194852 -32194825 -32194815 -32194781 -32194745 -32194730 -32194724 -32194717 -32194665 -32194657 -32194628 -32194617 -32194615 -32194610 -32194596 -32194585 -32194561
TestCase-72
972265095
972265998
87
972265106 972265123 972265130 972265132 972265134 972265135 972265143 972265146 972265149 972265151 972265178 972265179 972265180 972265197 972265204 972265236 972265248 972265257 972265259 972265273 972265276 972265290 972265292 972265300 972265301 972265307 972265316 972265333 972265342 972265374 972265398 972265399 972265402 972265403 972265406 972265409 972265475 972265480 972265487 972265490 972265501 972265514 972265536 972265551 972265559 972265563 972265568 972265574 972265583 972265588 972265606 972265626 972265640 972265651 972265656 972265687 972265721 972265730 972265731 972265749 972265760 972265761 972265768 972265771 972265772 972265782 972265787 972265789 972265817 972265818 972265820 972265830 972265835 972265846 972265847 972265849 972265858 972265862 972265886 972265893 972265904 972265910 972265917 972265919 972265931 972265938 972265982
TestCase-73
261588941
261589660
58
261588941 261588942 261588943 261588944 261588947 261588962 261588972 261588982 261589005 261589016 261589020 261589021 261589030 261589087 261589089 261589094 261589099 261589102 261589111 261589114 261589130 261589153 261589154 261589193 261589214 261589248 261589273 261589279 261589283 261589292 261589294 261589299 261589305 261589306 261589312 261589324 261589362 261589394 261589395 261589399 261589405 261589408 261589432 261589434 261589435 261589445 261589451 261589460 261589466 261589490 261589491 261589529 261589549 261589583 261589595 261589614 261589619 261589637
TestCase-74
942512322
942513099
3
942512483 942512832 942512942
TestCase-75
199030841
199031551
95
199030842 199030859 199030877 199030887 199030891 199030895 199030897 199030901 199030902 199030911 199030914 199030922 199030938 199030955 199030967 199030973 199030974 199030979 199030986 199031002 199031005 199031006 199031008 199031012 199031013 199031036 199031073 199031079 199031080 199031087 199031101 199031116 199031126 199031134 199031138 199031141 199031142 199031145 199031150 199031154 199031162 199031165 199031167 199031175 199031196 199031200 199031207 199031211 199031222 199031234 199031255 199031257 199031259 199031269 199031283 199031288 199031300 199031303 199031313 199031337 199031341 199031342 199031346 199031354 199031356 199031363 199031364 199031374 199031376 199031379 199031386 199031389 199031392 199031401 199031409 199031411 199031423 199031425 199031441 199031443 199031446 199031448 199031451 199031459 199031464 199031466 199031479 199031483 199031495 199031507 199031514 199031517 199031528 199031533 199031547
TestCase-76
-219859777
-219859174
80
-219859777 -219859768 -219859750 -219859746 -219859739 -219859732 -219859730 -219859729 -219859727 -219859724 -219859720 -219859705 -219859700 -219859696 -219859680 -219859655 -219859644 -219859618 -219859615 -219859606 -219859604 -219859591 -219859576 -219859575 -219859572 -219859568 -219859566 -219859565 -219859561 -219859559 -219859551 -219859543 -219859542 -219859527 -219859519 -219859506 -219859485 -219859483 -219859475 -219859473 -219859472 -219859466 -219859465 -219859463 -219859448 -219859432 -219859429 -219859420 -219859410 -219859409 -219859407 -219859406 -219859402 -219859395 -219859390 -219859384 -219859358 -219859352 -219859346 -219859342 -219859340 -219859337 -219859324 -219859311 -219859302 -219859275 -219859272 -219859261 -219859250 -219859249 -219859243 -219859241 -219859240 -219859235 -219859231 -219859210 -219859203 -219859201 -219859198 -219859175
TestCase-77
162469176
162470008
77
162469188 162469196 162469197 162469207 162469216 162469238 162469253 162469266 162469283 162469320 162469321 162469333 162469334 162469342 162469388 162469407 162469414 162469417 162469423 162469426 162469429 162469430 162469436 162469438 162469446 162469459 162469481 162469513 162469515 162469517 162469518 162469528 162469536 162469546 162469570 162469599 162469602 162469603 162469626 162469640 162469648 162469649 162469669 162469670 162469674 162469704 162469711 162469725 162469746 162469748 162469751 162469753 162469762 162469775 162469777 162469780 162469781 162469784 162469786 162469809 162469823 162469842 162469847 162469859 162469866 162469877 162469890 162469915 162469932 162469958 162469977 162469980 162469991 162469992 162469994 162470007 162470008
TestCase-78
479402579
479403430
90
479402592 479402598 479402617 479402628 479402642 479402647 479402664 479402665 479402671 479402685 479402694 479402696 479402697 479402701 479402703 479402707 479402725 479402748 479402764 479402780 479402782 479402783 479402787 479402799 479402801 479402817 479402824 479402828 479402829 479402850 479402860 479402871 479402883 479402906 479402908 479402919 479402920 479402927 479402941 479402944 479402948 479402949 479402968 479402973 479402974 479402979 479402984 479402986 479402989 479402995 479403014 479403015 479403017 479403047 479403049 479403050 479403062 479403063 479403069 479403071 479403091 479403112 479403159 479403162 479403167 479403168 479403172 479403175 479403178 479403179 479403216 479403222 479403223 479403239 479403241 479403263 479403267 479403289 479403300 479403302 479403310 479403324 479403336 479403338 479403341 479403342 479403350 479403359 479403391 479403409
TestCase-79
913938534
913939221
32
913938545 913938546 913938573 913938576 913938589 913938592 913938604 913938615 913938632 913938676 913938677 913938687 913938731 913938739 913938761 913938766 913938771 913938781 913938794 913938797 913938835 913938923 913938925 913938962 913939015 913939016 913939037 913939043 913939077 913939142 913939161 913939185
TestCase-80
-550297309
-550296614
86
-550297300 -550297279 -550297277 -550297274 -550297270 -550297269 -550297264 -550297260 -550297259 -550297258 -550297233 -550297228 -550297219 -550297209 -550297199 -550297198 -550297166 -550297164 -550297160 -550297147 -550297143 -550297140 -550297134 -550297132 -550297128 -550297126 -550297088 -550297068 -550297043 -550297042 -550297037 -550297029 -550297027 -550297024 -550297021 -550297017 -550296990 -550296978 -550296975 -550296973 -550296966 -550296964 -550296956 -550296949 -550296937 -550296930 -550296924 -550296918 -550296909 -550296906 -550296900 -550296895 -550296882 -550296863 -550296851 -550296836 -550296824 -550296811 -550296810 -550296799 -550296785 -550296781 -550296780 -550296776 -550296766 -550296758 -550296755 -550296753 -550296748 -550296741 -550296738 -550296735 -550296729 -550296715 -550296708 -550296696 -550296688 -550296687 -550296682 -550296664 -550296659 -550296652 -550296642 -550296634 -550296620 -550296619
TestCase-81
-64062649
-64061911
18
-64062583 -64062538 -64062515 -64062493 -64062470 -64062460 -64062441 -64062386 -64062337 -64062315 -64062180 -64062172 -64062129 -64062101 -64062099 -64062098 -64062085 -64062079
TestCase-82
-149880573
-149880068
68
-149880568 -149880556 -149880554 -149880550 -149880539 -149880535 -149880529 -149880526 -149880524 -149880503 -149880501 -149880496 -149880490 -149880476 -149880467 -149880463 -149880452 -149880441 -149880428 -149880417 -149880376 -149880363 -149880360 -149880331 -149880324 -149880307 -149880305 -149880299 -149880296 -149880285 -149880273 -149880266 -149880263 -149880262 -149880253 -149880252 -149880250 -149880244 -149880241 -149880238 -149880237 -149880226 -149880222 -149880209 -149880202 -149880199 -149880197 -149880189 -149880187 -149880178 -149880168 -149880162 -149880160 -149880151 -149880144 -149880143 -149880137 -149880132 -149880121 -149880119 -149880118 -149880114 -149880105 -149880095 -149880088 -149880081 -149880076 -149880071
TestCase-83
-673101908
-673101164
1
-673101509
TestCase-84
-603260857
-603260242
41
-603260841 -603260833 -603260827 -603260823 -603260822 -603260813 -603260798 -603260771 -603260763 -603260761 -603260749 -603260731 -603260721 -603260693 -603260661 -603260637 -603260625 -603260572 -603260551 -603260525 -603260516 -603260510 -603260507 -603260483 -603260480 -603260474 -603260439 -603260438 -603260408 -603260367 -603260366 -603260357 -603260352 -603260342 -603260338 -603260331 -603260306 -603260299 -603260289 -603260271 -603260264
TestCase-85
615961022
615961724
74
615961027 615961039 615961057 615961081 615961082 615961086 615961093 615961095 615961102 615961113 615961144 615961179 615961184 615961187 615961204 615961205 615961221 615961223 615961239 615961246 615961248 615961260 615961270 615961288 615961307 615961311 615961312 615961316 615961319 615961321 615961350 615961368 615961376 615961381 615961382 615961396 615961403 615961406 615961422 615961427 615961439 615961447 615961454 615961455 615961461 615961477 615961481 615961495 615961508 615961518 615961523 615961528 615961532 615961545 615961559 615961563 615961564 615961569 615961574 615961589 615961593 615961629 615961631 615961633 615961655 615961661 615961677 615961679 615961683 615961685 615961687 615961689 615961696 615961701
TestCase-86
-213418586
-213417805
50
-213418577 -213418575 -213418571 -213418544 -213418542 -213418520 -213418511 -213418504 -213418488 -213418467 -213418466 -213418442 -213418441 -213418436 -213418417 -213418408 -213418376 -213418373 -213418326 -213418287 -213418280 -213418257 -213418244 -213418235 -213418223 -213418216 -213418195 -213418178 -213418171 -213418166 -213418163 -213418130 -213418081 -213418071 -213418043 -213418041 -213418040 -213418035 -213418031 -213418004 -213417995 -213417949 -213417942 -213417921 -213417908 -213417905 -213417900 -213417868 -213417840 -213417820
TestCase-87
-135436485
-135435677
95
-135436484 -135436482 -135436471 -135436470 -135436443 -135436437 -135436432 -135436428 -135436411 -135436396 -135436379 -135436377 -135436363 -135436356 -135436347 -135436314 -135436308 -135436307 -135436291 -135436290 -135436274 -135436272 -135436270 -135436253 -135436245 -135436244 -135436231 -135436219 -135436214 -135436211 -135436210 -135436202 -135436199 -135436197 -135436191 -135436190 -135436185 -135436180 -135436166 -135436163 -135436146 -135436125 -135436121 -135436117 -135436102 -135436097 -135436093 -135436082 -135436074 -135436071 -135436021 -135436014 -135435985 -135435967 -135435963 -135435960 -135435950 -135435947 -135435922 -135435919 -135435895 -135435893 -135435889 -135435888 -135435883 -135435879 -135435865 -135435864 -135435862 -135435834 -135435827 -135435818 -135435805 -135435802 -135435785 -135435773 -135435750 -135435746 -135435745 -135435743 -135435740 -135435733 -135435731 -135435729 -135435728 -135435726 -135435725 -135435715 -135435713 -135435712 -135435697 -135435695 -135435694 -135435685 -135435677
TestCase-88
311451161
311451998
59
311451162 311451184 311451212 311451217 311451229 311451244 311451263 311451315 311451329 311451334 311451340 311451343 311451344 311451350 311451391 311451416 311451419 311451425 311451428 311451447 311451475 311451485 311451507 311451513 311451555 311451586 311451592 311451601 311451624 311451627 311451642 311451648 311451659 311451687 311451715 311451726 311451741 311451754 311451759 311451766 311451794 311451807 311451843 311451844 311451852 311451855 311451858 311451859 311451878 311451897 311451901 311451903 311451915 311451919 311451940 311451954 311451959 311451977 311451978
TestCase-89
113926757
113927274
97
113926757 113926758 113926765 113926774 113926781 113926785 113926792 113926793 113926797 113926800 113926807 113926811 113926813 113926816 113926817 113926829 113926830 113926833 113926843 113926853 113926854 113926856 113926864 113926871 113926879 113926881 113926885 113926894 113926896 113926912 113926915 113926926 113926937 113926942 113926945 113926951 113926954 113926959 113926965 113926966 113926974 113926989 113926996 113927008 113927013 113927014 113927020 113927023 113927026 113927027 113927040 113927042 113927049 113927052 113927058 113927059 113927077 113927083 113927090 113927103 113927115 113927122 113927127 113927139 113927143 113927144 113927161 113927163 113927168 113927170 113927179 113927182 113927183 113927189 113927194 113927196 113927197 113927198 113927199 113927206 113927208 113927212 113927213 113927218 113927219 113927224 113927225 113927226 113927234 113927237 113927243 113927244 113927250 113927265 113927268 113927269 113927272
TestCase-90
454235911
454236792
39
454235934 454235935 454235955 454235982 454235984 454235992 454236008 454236014 454236019 454236026 454236046 454236134 454236142 454236144 454236240 454236263 454236329 454236340 454236411 454236418 454236452 454236463 454236480 454236494 454236500 454236589 454236613 454236617 454236623 454236635 454236648 454236666 454236710 454236730 454236743 454236746 454236764 454236772 454236791
TestCase-91
-78432220
-78431444
100
-78432218 -78432217 -78432210 -78432195 -78432192 -78432184 -78432172 -78432171 -78432166 -78432140 -78432133 -78432101 -78432099 -78432094 -78432088 -78432077 -78432045 -78432043 -78432034 -78432012 -78432009 -78432001 -78431992 -78431991 -78431984 -78431961 -78431954 -78431952 -78431950 -78431947 -78431940 -78431935 -78431920 -78431915 -78431912 -78431906 -78431901 -78431893 -78431875 -78431874 -78431873 -78431871 -78431861 -78431847 -78431846 -78431810 -78431806 -78431797 -78431795 -78431794 -78431785 -78431780 -78431772 -78431770 -78431767 -78431757 -78431754 -78431748 -78431744 -78431741 -78431739 -78431738 -78431730 -78431728 -78431725 -78431717 -78431710 -78431691 -78431678 -78431672 -78431670 -78431659 -78431645 -78431638 -78431615 -78431614 -78431613 -78431608 -78431605 -78431597 -78431591 -78431581 -78431569 -78431555 -78431550 -78431542 -78431529 -78431527 -78431524 -78431492 -78431490 -78431489 -78431486 -78431484 -78431481 -78431480 -78431477 -78431473 -78431472 -78431452
TestCase-92
663645023
663645984
69
663645027 663645066 663645096 663645121 663645127 663645145 663645151 663645163 663645178 663645180 663645193 663645224 663645233 663645249 663645255 663645257 663645266 663645268 663645276 663645288 663645301 663645348 663645354 663645357 663645371 663645393 663645402 663645413 663645430 663645438 663645454 663645465 663645470 663645485 663645516 663645584 663645587 663645593 663645595 663645601 663645604 663645607 663645624 663645634 663645644 663645668 663645695 663645697 663645698 663645710 663645732 663645734 663645743 663645748 663645770 663645775 663645809 663645817 663645834 663645894 663645901 663645902 663645916 663645929 663645940 663645943 663645956 663645959 663645960
TestCase-93
-249875650
-249874964
99
-249875645 -249875644 -249875639 -249875632 -249875625 -249875615 -249875607 -249875596 -249875595 -249875593 -249875589 -249875588 -249875587 -249875580 -249875574 -249875570 -249875562 -249875560 -249875559 -249875552 -249875543 -249875541 -249875540 -249875537 -249875530 -249875529 -249875527 -249875526 -249875525 -249875520 -249875515 -249875511 -249875498 -249875492 -249875491 -249875479 -249875475 -249875465 -249875463 -249875448 -249875446 -249875436 -249875428 -249875417 -249875395 -249875391 -249875381 -249875376 -249875366 -249875361 -249875355 -249875346 -249875322 -249875316 -249875291 -249875289 -249875288 -249875286 -249875277 -249875276 -249875275 -249875272 -249875264 -249875244 -249875233 -249875229 -249875211 -249875206 -249875205 -249875200 -249875197 -249875196 -249875180 -249875158 -249875146 -249875138 -249875129 -249875124 -249875120 -249875115 -249875111 -249875100 -249875093 -249875082 -249875071 -249875068 -249875057 -249875054 -249875052 -249875029 -249875018 -249875016 -249875001 -249874994 -249874992 -249874978 -249874976 -249874969 -249874964
TestCase-94
672867917
672868606
97
672867930 672867936 672867958 672867961 672867970 672867974 672867984 672867991 672867996 672867997 672868000 672868021 672868027 672868037 672868038 672868040 672868042 672868049 672868053 672868054 672868062 672868074 672868077 672868078 672868084 672868097 672868098 672868117 672868124 672868128 672868129 672868130 672868133 672868139 672868145 672868154 672868156 672868159 672868161 672868192 672868195 672868197 672868204 672868205 672868208 672868229 672868246 672868252 672868258 672868264 672868274 672868275 672868280 672868282 672868285 672868307 672868314 672868320 672868331 672868366 672868369 672868371 672868374 672868383 672868391 672868393 672868412 672868414 672868418 672868427 672868431 672868452 672868459 672868461 672868469 672868472 672868486 672868501 672868507 672868519 672868528 672868529 672868536 672868541 672868542 672868546 672868555 672868556 672868557 672868559 672868567 672868577 672868578 672868582 672868584 672868587 672868595
TestCase-95
14640318
14641274
24
14640405 14640455 14640465 14640551 14640572 14640575 14640630 14640665 14640701 14640736 14640829 14640873 14640877 14640912 14640957 14640990 14640991 14641032 14641063 14641069 14641137 14641186 14641238 14641249
TestCase-96
-848688428
-848687626
0
TestCase-97
77048059
77048908
89
77048081 77048083 77048091 77048110 77048117 77048130 77048141 77048144 77048152 77048155 77048166 77048169 77048176 77048201 77048220 77048262 77048275 77048279 77048293 77048305 77048316 77048318 77048320 77048335 77048339 77048342 77048354 77048355 77048370 77048372 77048375 77048378 77048399 77048417 77048430 77048444 77048451 77048453 77048456 77048457 77048468 77048474 77048476 77048478 77048480 77048484 77048490 77048497 77048502 77048506 77048507 77048518 77048545 77048550 77048571 77048573 77048577 77048585 77048595 77048597 77048606 77048619 77048644 77048649 77048650 77048659 77048694 77048695 77048707 77048720 77048727 77048736 77048737 77048745 77048747 77048752 77048755 77048756 77048761 77048799 77048810 77048814 77048831 77048834 77048836 77048858 77048874 77048891 77048895
TestCase-98
131740251
131741170
79
131740264 131740274 131740276 131740278 131740304 131740321 131740336 131740351 131740370 131740376 131740385 131740391 131740409 131740440 131740487 131740501 131740511 131740523 131740526 131740536 131740545 131740550 131740564 131740590 131740596 131740597 131740616 131740627 131740628 131740638 131740645 131740649 131740655 131740659 131740676 131740681 131740721 131740734 131740745 131740746 131740750 131740764 131740769 131740774 131740783 131740786 131740809 131740814 131740859 131740861 131740884 131740895 131740899 131740905 131740913 131740936 131740944 131740945 131740958 131740977 131740986 131740989 131740990 131740996 131741004 131741007 131741037 131741038 131741048 131741050 131741059 131741119 131741125 131741143 131741148 131741156 131741158 131741159 131741167
TestCase-99
600676188
600676774
73
600676191 600676192 600676197 600676198 600676199 600676229 600676230 600676237 600676241 600676242 600676243 600676250 600676255 600676262 600676266 600676267 600676278 600676280 600676292 600676293 600676299 600676309 600676316 600676326 600676327 600676341 600676352 600676358 600676366 600676376 600676384 600676386 600676387 600676401 600676405 600676412 600676444 600676448 600676453 600676457 600676474 600676501 600676503 600676511 600676520 600676529 600676530 600676537 600676538 600676565 600676577 600676595 600676602 600676605 600676614 600676615 600676622 600676625 600676640 600676655 600676656 600676657 600676666 600676687 600676712 600676725 600676726 600676730 600676740 600676746 600676751 600676755 600676756
TestCase-100
-244370314
-244369383
0
TestCase-101
1
30
5
2 5 8 15 28
TestCase-102
-10
10
6
-10 -7 -4 0 3 9
TestCase-103
5
9
1
7
TestCase-104
1
5
5
1 2 3 4 5
