113
TestCase-1
1452
80
583 523 699 935 155 480 895 357 328 162 959 433 245 928 3 87 460 361 76 849 954 389 601 370 625 468 506 639 706 445 813 488 350 237 249 128 137 27 25 60 585 527 675 499 333 515 894 798 455 414 660 4 796 519 466 276 873 8 902 81 892 806 946 579 951 392 710 109 22 516 39 462 177 416 893 99 654 491 827 557
TestCase-2
953
77
659 18 191 659 605 321 84 935 827 651 269 588 11 485 95 828 787 883 229 918 420 112 300 156 174 871 961 501 783 293 894 517 982 283 837 886 646 714 897 220 896 955 408 62 839 194 766 93 245 794 108 495 408 634 8 854 373 834 884 937 491 970 828 510 854 497 584 437 139 810 682 910 783 724 909 497 952
TestCase-3
1023
67
524 925 106 345 628 739 542 831 455 723 256 499 640 809 337 81 685 564 228 648 256 772 430 996 54 746 912 326 569 943 554 401 385 266 304 473 453 167 450 167 86 498 893 734 123 215 930 148 608 150 147 901 493 174 762 363 535 366 887 153 222 555 734 326 725 353 2
TestCase-4
44
49
734 129 280 989 889 593 794 231 748 314 326 565 738 442 437 267 360 500 956 186 601 627 574 966 185 232 456 666 942 804 612 312 126 736 863 703 607 366 552 240 671 485 650 721 207 832 498 381 499
TestCase-5
526
86
41 60 733 466 435 663 852 148 782 99 397 585 779 416 917 409 483 731 547 297 80 372 386 570 212 517 636 43 317 937 569 441 332 632 579 441 224 607 447 775 506 819 574 1000 206 833 4 928 558 885 107 524 534 35 90 552 783 471 36 883 253 746 763 521 228 6 215 452 76 741 594 206 301 997 624 617 46 139 396 176 962 776 271 368 101 768
TestCase-6
265
91
387 826 307 10 367 910 350 654 295 726 658 171 501 825 600 680 116 818 928 449 244 76 329 601 442 485 879 326 915 28 557 388 987 604 981 997 183 978 952 393 821 612 205 107 377 542 347 93 853 922 891 337 130 898 143 164 271 636 685 565 415 199 323 580 283 330 997 927 784 626 777 717 819 41 72 165 4 650 718 575 985 24 940 551 862 365 249 968 865 381 817
TestCase-7
342
91
638 581 105 952 828 144 298 937 721 628 248 250 372 954 310 401 706 998 127 390 843 426 39 353 697 149 216 186 240 358 1000 541 630 525 174 848 267 792 756 262 801 161 784 736 261 413 501 556 264 630 201 110 37 931 283 860 22 786 598 320 23 38 230 156 808 473 856 828 136 420 331 442 23 378 496 98 586 681 959 101 485 915 561 757 563 615 154 930 37 910 741
TestCase-8
1681
16
204 533 75 258 648 853 321 215 715 781 638 60 22 551 863 635
TestCase-9
1559
47
223 498 519 568 72 497 47 165 107 110 304 552 913 331 609 436 785 892 599 118 283 285 212 925 34 730 681 924 969 280 631 846 286 62 678 489 835 559 675 651 965 815 615 222 203 363 265
TestCase-10
545
71
271 83 110 224 911 315 280 44 107 817 40 518 556 84 325 539 377 832 40 536 347 383 54 34 533 268 619 402 785 220 491 614 900 280 403 34 354 478 600 926 383 624 485 120 189 887 418 550 605 904 631 735 804 178 895 43 201 967 832 36 531 963 489 725 822 857 194 888 725 136 875
TestCase-11
1795
96
489 353 823 24 561 992 994 29 782 614 589 177 796 574 817 479 631 814 950 379 470 480 604 105 116 421 152 775 51 798 534 88 130 356 120 11 911 782 815 383 84 727 973 599 633 950 68 655 586 678 962 348 736 118 526 446 817 458 104 898 477 351 304 5 145 318 717 12 557 26 914 245 249 517 851 698 170 893 715 155 659 535 416 637 919 233 472 827 978 938 929 99 215 928 271 509
TestCase-12
11
55
90 774 917 594 93 555 882 515 388 175 66 811 712 164 638 37 230 125 847 571 927 783 110 480 463 99 538 730 854 338 356 906 207 366 702 576 659 265 96 688 494 506 851 468 324 882 188 533 35 555 68 781 489 418 375
TestCase-13
1330
21
127 856 881 408 610 830 37 115 133 613 845 735 71 538 752 625 293 69 827 977 877
TestCase-14
1247
65
822 649 173 844 403 783 388 46 490 670 276 367 621 918 666 43 783 887 298 957 98 979 715 206 900 394 695 710 879 929 784 909 706 529 664 369 252 149 199 980 115 991 660 80 982 153 409 317 962 200 597 290 586 59 858 483 139 265 545 33 518 185 902 715 574
TestCase-15
1900
49
827 337 357 435 555 139 212 260 878 460 22 643 783 836 447 504 384 508 913 995 623 290 260 109 800 419 921 692 93 116 807 548 872 501 532 493 671 863 360 28 896 633 208 299 896 814 102 145 450
TestCase-16
1989
50
720 932 246 827 699 461 54 814 135 121 874 773 613 759 558 544 944 434 344 891 887 844 998 134 989 101 279 329 469 154 262 851 205 348 781 873 944 157 301 689 838 879 625 660 661 950 377 744 205 844
TestCase-17
420
61
340 356 946 409 174 757 960 226 959 867 727 111 413 589 962 502 167 791 289 801 264 494 892 220 24 345 44 644 886 886 818 869 875 604 204 375 518 941 534 490 218 589 789 750 615 240 864 357 85 851 162 207 855 643 467 56 346 292 260 377 867
TestCase-18
482
94
966 692 654 606 306 780 727 816 527 303 44 361 163 935 636 833 772 728 661 168 614 214 263 999 92 524 716 269 218 566 154 215 526 655 327 618 1 6 1 84 491 655 365 937 429 342 738 359 807 685 145 235 411 685 294 757 102 847 77 450 851 629 333 963 142 761 633 754 21 240 545 21 873 285 483 186 433 286 811 53 811 917 735 782 386 856 174 144 799 276 551 490 49 978
TestCase-19
1877
25
181 862 291 921 243 382 582 782 695 977 78 244 929 543 27 12 444 158 473 816 399 828 225 419 122
TestCase-20
1387
85
902 549 87 422 421 976 281 120 104 453 548 486 882 340 181 849 484 814 501 45 696 85 747 50 997 42 119 299 979 282 536 80 806 586 996 18 507 416 120 991 134 623 767 954 117 268 521 239 721 43 552 37 673 418 626 648 784 510 862 574 469 794 236 281 807 295 22 269 242 958 289 934 51 886 927 379 819 255 537 313 191 48 264 606 725
TestCase-21
1394
70
418 756 854 680 717 92 239 704 52 168 149 220 659 492 952 467 79 685 532 985 433 352 479 628 490 257 386 667 466 408 633 166 34 164 595 426 157 640 147 205 214 460 734 483 119 498 937 218 146 219 364 281 908 16 888 12 559 938 307 696 565 77 762 203 473 763 147 385 793 273
TestCase-22
1329
4
689 483 725 309
TestCase-23
695
12
429 348 25 841 337 722 79 555 826 453 161 616
TestCase-24
1844
47
448 686 456 918 603 628 60 448 190 232 780 529 475 275 522 2 373 534 509 811 849 822 34 659 664 506 136 560 723 716 105 816 882 418 35 137 266 958 91 905 907 885 500 220 491 598 618
TestCase-25
1060
11
926 478 497 583 497 872 487 285 345 593 425
TestCase-26
1443
63
822 618 941 19 513 710 115 614 658 193 995 49 313 592 865 411 883 989 401 621 667 303 572 689 692 637 775 689 485 137 803 819 516 251 6 204 260 640 443 878 622 666 668 781 483 416 294 517 674 841 329 748 416 161 971 181 642 811 22 778 227 323 400
TestCase-27
983
56
222 92 296 106 92 993 24 524 472 280 635 961 114 773 695 591 427 615 482 476 75 400 289 995 143 763 464 87 261 517 237 45 443 194 416 785 374 830 671 996 332 132 111 555 380 480 232 885 359 28 492 308 861 384 915 999
TestCase-28
1303
13
211 500 697 297 250 398 371 819 169 838 337 444 195
TestCase-29
1556
5
184 343 170 688 769
TestCase-30
60
77
105 883 156 45 809 123 243 247 224 710 196 970 187 979 145 805 879 961 25 892 793 86 589 660 80 901 380 517 78 172 963 194 444 418 744 598 812 987 558 517 374 759 500 956 215 650 46 977 734 817 765 941 497 109 840 262 16 356 722 544 250 244 396 569 645 527 983 151 679 758 892 71 205 284 758 837 288
TestCase-31
1760
61
733 698 942 715 454 504 511 455 276 835 940 526 221 582 778 733 369 41 354 974 430 427 412 549 491 837 75 545 959 459 567 27 349 943 799 483 772 638 821 864 569 451 357 96 17 167 623 176 400 939 562 545 832 627 685 721 122 675 579 98 443
TestCase-32
355
90
666 722 831 671 416 108 241 556 712 212 831 165 948 419 901 274 442 253 559 501 791 539 76 936 221 221 86 696 52 247 598 258 295 573 847 755 361 629 905 699 402 251 965 951 297 128 938 796 420 857 375 700 299 935 256 150 249 191 43 386 179 355 772 317 414 110 303 659 910 177 988 576 777 560 263 367 79 806 275 246 748 590 671 37 261 653 246 20 170 178
TestCase-33
1016
66
405 492 339 475 481 362 307 436 843 570 178 202 346 312 593 531 219 825 854 53 11 913 353 592 534 120 580 450 710 721 256 573 161 984 568 552 433 91 139 597 645 119 507 924 726 1 833 394 47 580 8 626 93 178 488 564 518 778 280 520 497 972 224 270 806 885
TestCase-34
340
70
464 197 985 999 639 295 187 80 224 719 879 466 427 745 347 876 706 852 971 413 867 849 357 817 37 747 798 116 409 795 394 894 320 6 880 54 578 187 865 414 653 311 706 249 856 109 710 23 340 59 618 367 36 842 474 432 389 464 230 518 97 948 365 51 164 392 89 589 119 834
TestCase-35
625
96
857 368 945 919 591 741 377 30 836 173 128 527 65 661 364 612 656 70 834 148 688 145 926 963 412 531 453 549 545 595 976 783 515 568 85 757 620 299 34 309 669 459 562 4 305 125 521 260 183 360 266 678 353 603 65 542 911 221 376 79 374 1 240 659 639 192 201 779 631 966 796 133 831 491 830 257 804 379 274 752 258 102 709 704 716 676 190 428 308 655 689 538 171 719 835 731
TestCase-36
1013
44
21 918 355 720 108 877 364 299 4 541 262 479 42 487 630 185 251 980 337 285 805 522 817 509 680 380 115 395 308 799 676 173 347 779 784 503 77 748 626 260 575 990 420 100
TestCase-37
1815
21
126 166 895 499 570 365 640 812 603 794 838 144 405 451 463 84 162 409 128 100 427
TestCase-38
367
15
768 545 499 139 7 894 439 142 331 957 898 465 788 901 49
TestCase-39
5
91
41 54 578 997 428 258 46 267 170 42 848 13 798 103 731 256 972 737 813 214 406 965 17 831 72 290 656 952 156 417 854 949 698 585 633 492 406 394 670 584 823 689 877 585 135 84 861 255 596 724 774 17 174 671 438 135 109 269 248 837 741 301 865 116 310 636 119 760 946 48 661 806 255 744 963 385 34 307 213 638 131 77 856 331 521 268 442 18 375 308 101
TestCase-40
1667
55
364 538 538 996 214 882 473 60 928 925 740 705 649 956 677 133 547 981 597 125 935 717 18 461 399 431 1000 616 571 754 509 940 369 765 237 771 125 468 782 640 975 191 396 324 426 46 894 627 202 358 648 358 397 147 256
TestCase-41
1206
80
78 687 114 357 642 314 652 133 12 750 251 674 151 491 764 749 212 572 77 384 66 263 275 200 880 152 245 655 823 111 758 150 158 270 780 525 873 781 391 403 951 247 390 143 89 610 296 902 354 101 913 366 89 314 806 58 155 603 582 466 308 480 2 370 303 563 486 335 31 57 360 631 123 737 452 580 798 528 683 919
TestCase-42
1047
85
605 674 933 284 97 201 390 498 640 321 272 402 662 682 129 914 732 819 256 43 708 599 30 900 675 141 143 688 613 703 207 587 108 360 584 11 531 875 756 20 852 774 879 155 324 197 586 395 309 177 783 737 529 92 849 458 691 279 910 28 246 408 888 671 239 121 931 457 793 761 196 70 609 996 136 79 926 92 112 905 274 845 997 387 741
TestCase-43
121
14
863 339 627 287 811 812 939 218 600 118 531 878 954 437
TestCase-44
275
45
696 272 677 151 297 621 648 465 594 8 555 250 959 689 617 369 491 719 617 468 465 570 437 948 900 421 982 340 456 728 798 552 583 121 986 205 275 233 608 349 277 488 773 507 299
TestCase-45
1745
4
797 900 322 928
TestCase-46
1914
51
398 327 359 96 46 1000 789 914 390 445 35 384 389 149 833 233 464 279 451 114 871 226 128 867 818 622 343 567 879 780 707 985 154 859 532 351 301 976 248 673 367 5 10 138 713 119 451 677 897 728 319
TestCase-47
287
23
953 55 9 218 993 959 426 510 934 461 984 918 894 308 644 174 944 17 462 921 983 980 499
TestCase-48
902
68
287 918 153 94 808 951 879 59 607 145 273 401 467 110 864 291 824 754 556 819 81 570 792 995 409 102 989 418 978 776 883 413 285 767 959 668 222 342 801 464 832 862 838 115 504 354 422 295 139 642 945 179 315 137 896 675 578 598 754 914 974 855 43 19 747 806 779 85
TestCase-49
1910
69
638 889 878 279 462 140 321 661 222 172 813 656 987 447 454 4 445 298 642 301 993 565 178 753 563 572 892 673 453 633 649 768 708 156 130 72 785 100 917 53 882 98 226 582 262 988 311 979 197 755 864 425 568 843 76 348 276 907 943 662 69 12 97 570 852 711 641 917 265
TestCase-50
1473
100
853 558 417 783 509 74 635 741 314 488 582 711 312 525 214 905 990 816 185 90 205 364 564 159 168 518 387 985 441 930 889 895 854 548 825 958 495 485 988 923 97 545 167 857 347 562 596 868 777 803 907 206 875 764 871 226 920 507 832 356 761 133 851 706 297 65 105 92 879 624 576 45 607 865 690 161 867 348 285 81 323 697 330 736 264 30 645 819 418 576 427 441 332 187 824 234 632 361 262 398
TestCase-51
776
14
69 617 634 117 198 910 329 960 8 610 39 977 648 68
TestCase-52
226
76
431 650 867 132 849 352 551 683 75 328 575 232 754 893 744 344 643 620 978 972 70 809 318 36 667 911 877 467 827 467 535 771 212 280 948 872 768 276 1 229 890 313 29 363 544 415 314 895 623 5 392 412 54 824 224 909 999 501 41 654 666 640 208 540 96 857 145 687 70 211 245 560 313 919 654 115
TestCase-53
741
20
941 478 72 853 63 399 321 731 1 854 354 698 838 591 951 931 336 476 97 706
TestCase-54
1497
98
311 265 818 449 17 228 885 904 458 81 360 662 206 666 175 68 161 450 191 650 290 447 787 818 958 398 402 101 549 500 558 880 605 44 85 48 321 721 135 209 107 88 144 969 47 795 916 864 837 797 950 964 504 848 856 504 493 765 49 331 468 207 237 467 879 154 996 705 371 494 482 651 587 937 40 431 431 779 391 777 733 709 583 289 766 368 590 987 651 363 223 26 55 29 994 481 565 268
TestCase-55
59
56
4 812 157 830 386 821 289 464 329 229 403 559 597 269 99 880 999 638 377 235 748 76 845 416 457 866 28 725 312 28 395 614 611 901 358 368 868 759 615 693 273 877 761 789 615 247 534 735 726 976 679 450 270 110 986 258
TestCase-56
1441
30
612 76 968 951 286 998 998 612 264 68 159 792 288 943 204 197 32 597 860 598 907 500 348 841 362 225 177 201 514 436
TestCase-57
781
84
710 96 64 337 883 620 34 890 896 408 259 583 977 167 636 587 978 129 274 113 299 34 308 504 235 429 216 626 948 290 424 292 563 588 135 193 458 75 62 702 993 944 580 301 671 340 328 461 331 474 153 415 669 44 547 63 217 840 360 533 558 946 732 1 362 554 763 567 638 25 435 803 729 13 124 165 518 964 833 210 773 590 651 464
TestCase-58
501
88
511 999 241 119 553 822 817 348 611 968 724 705 306 217 629 880 763 823 4 439 942 940 628 493 854 533 796 338 82 272 943 952 335 801 369 684 901 441 709 740 320 840 882 899 395 321 502 941 989 523 769 622 308 358 437 543 800 412 773 665 195 947 701 831 665 519 816 267 998 154 250 101 511 998 744 291 640 635 819 934 85 194 826 67 185 810 426 500
TestCase-59
1396
54
51 785 50 205 102 709 128 157 863 744 558 94 290 310 444 702 836 560 336 416 858 940 625 931 509 300 375 953 744 549 789 121 919 286 789 152 841 721 44 493 543 96 497 432 396 152 863 643 370 994 522 602 828 417
TestCase-60
1178
30
829 982 97 970 486 940 247 192 302 491 481 282 367 178 944 7 111 512 781 824 463 351 824 311 432 383 445 373 299 646
TestCase-61
742
48
364 431 835 467 642 562 806 504 575 421 145 765 724 5 599 868 452 135 205 61 972 679 3 442 245 803 734 743 480 901 259 170 903 451 912 579 268 698 106 538 515 719 41 628 721 323 514 274
TestCase-62
971
55
495 288 428 939 913 98 777 116 180 64 826 22 426 755 979 369 803 983 773 58 194 842 286 115 727 416 987 365 169 127 765 392 873 514 654 313 436 275 572 688 85 686 755 838 806 65 162 84 55 47 690 781 979 689 171
TestCase-63
680
4
248 545 187 129
TestCase-64
671
55
724 634 407 732 65 547 547 972 841 33 682 860 394 297 593 329 50 362 851 425 448 477 691 621 802 693 828 853 429 855 351 335 713 220 984 441 700 150 592 270 860 745 777 805 257 282 914 544 330 706 476 840 818 7 621
TestCase-65
895
2
917 697
TestCase-66
1068
67
74 814 175 897 506 585 800 183 364 45 826 762 605 486 860 949 685 916 647 738 762 639 771 382 868 750 870 391 165 374 444 395 643 638 220 979 20 988 260 791 832 147 961 911 998 60 661 721 281 554 583 994 87 931 352 544 382 656 704 511 290 335 627 762 828 698 538
TestCase-67
624
30
178 858 871 580 43 246 889 414 398 543 367 779 657 286 472 538 483 342 105 546 747 687 244 798 474 255 348 242 99 415
TestCase-68
1123
77
276 605 76 866 974 370 496 875 975 378 811 650 101 552 596 395 346 31 214 940 831 691 841 472 712 741 92 156 914 501 67 235 587 997 808 120 620 793 939 96 336 88 73 972 63 100 19 960 901 858 951 800 359 597 913 392 132 151 961 79 176 909 145 141 457 25 493 872 811 567 423 652 103 281 27 983 215
TestCase-69
512
87
817 89 528 992 621 305 643 730 150 145 525 695 260 168 746 107 573 193 507 565 433 242 277 554 819 493 447 116 280 585 822 195 219 29 351 709 249 883 974 486 133 721 134 730 355 917 570 642 593 883 761 524 596 393 2 862 962 528 603 563 37 34 539 219 76 447 624 598 922 926 389 274 887 126 307 710 649 303 430 873 680 529 382 36 203 154 703
TestCase-70
1351
42
781 990 78 904 484 179 585 534 700 172 218 860 149 142 883 334 527 51 29 618 343 466 869 25 440 599 528 683 626 432 636 565 166 237 254 99 906 714 84 716 545 741
TestCase-71
149
45
608 814 150 381 700 220 981 410 924 534 348 68 503 548 462 908 291 294 422 197 873 758 21 157 906 461 503 567 372 767 275 216 223 672 590 171 58 22 261 31 327 757 691 724 404
TestCase-72
1664
66
943 381 344 204 700 131 874 785 999 441 800 373 87 436 152 106 53 273 888 519 331 61 7 834 726 997 171 673 967 492 608 387 955 77 664 300 366 503 328 619 185 771 348 303 119 661 873 371 47 857 510 195 300 118 770 526 761 629 128 84 451 451 835 665 323 850
TestCase-73
837
18
359 637 949 362 826 607 948 246 415 901 39 602 314 100 783 942 395 95
TestCase-74
274
16
247 583 241 827 338 586 15 781 970 789 67 600 971 916 209 721
TestCase-75
545
21
92 167 262 901 154 460 520 975 671 921 204 64 474 742 433 964 505 635 15 528 91
TestCase-76
1461
66
635 222 907 608 473 107 843 686 826 286 742 926 816 774 457 723 534 51 289 932 260 193 189 219 684 684 720 141 777 2 783 332 12 686 854 22 723 560 938 546 414 974 419 826 733 931 697 353 77 416 866 584 5 312 154 190 50 355 796 431 867 490 867 342 185 884
TestCase-77
629
29
356 483 45 888 201 760 123 625 32 791 687 553 831 576 889 227 471 55 309 927 164 218 320 398 108 373 252 800 114
TestCase-78
1377
18
825 172 800 601 819 16 87 731 65 22 711 585 429 908 21 514 474 340
TestCase-79
1473
86
986 318 752 962 253 152 523 916 930 686 336 283 230 349 883 735 833 566 488 402 430 542 555 975 330 283 823 151 888 876 845 336 931 19 146 417 308 536 225 187 447 824 943 816 176 185 878 724 191 484 459 905 104 33 58 70 936 326 95 647 488 759 543 205 650 62 456 199 589 913 498 590 631 204 969 688 867 863 884 810 69 251 240 704 763 609
TestCase-80
279
56
849 27 138 903 974 488 764 130 123 235 594 722 179 942 388 412 608 240 271 776 458 609 993 589 128 768 501 184 343 928 26 14 879 827 636 824 415 781 63 916 746 383 265 979 170 390 280 609 435 850 214 734 757 980 671 549
TestCase-81
743
32
860 861 448 667 647 554 620 379 541 136 817 798 648 986 550 116 726 535 656 27 468 929 469 958 240 79 339 41 285 906 685 302
TestCase-82
1745
94
841 996 673 536 939 190 591 180 854 13 759 877 763 978 666 267 835 184 254 973 228 120 740 556 522 467 93 785 564 215 300 861 477 559 294 135 430 597 395 546 389 701 714 701 743 324 451 536 712 243 352 44 560 48 454 971 599 123 899 697 947 716 503 617 35 817 752 560 325 928 164 464 534 878 360 439 839 253 758 183 280 381 87 494 792 500 808 94 975 915 425 947 505 414
TestCase-83
70
66
239 556 910 773 235 624 498 627 976 930 286 688 283 472 739 623 178 747 54 529 690 139 671 396 855 585 717 608 547 94 79 217 802 701 512 15 842 993 682 916 985 272 424 553 630 627 992 904 667 316 703 873 742 388 370 549 348 59 523 14 778 867 517 497 711 796
TestCase-84
894
66
848 508 707 514 76 415 874 189 61 214 83 942 572 579 117 763 619 555 462 121 793 38 930 860 130 519 148 898 61 272 968 496 19 798 588 661 7 271 989 543 94 20 689 372 540 974 371 760 92 639 407 345 755 80 747 797 233 307 444 861 903 889 847 103 762 567
TestCase-85
454
68
961 79 236 688 529 532 541 680 827 977 506 299 711 251 405 292 618 465 388 811 258 70 142 237 433 700 795 706 249 150 456 445 847 935 294 178 664 946 17 504 366 967 447 236 458 144 17 634 348 431 722 140 961 254 487 463 83 486 178 644 626 459 346 806 71 551 490 59
TestCase-86
1065
66
187 471 531 693 874 18 222 691 146 120 272 518 277 899 962 410 551 823 712 322 606 715 216 608 781 955 662 486 29 150 485 544 443 870 817 816 524 185 517 877 786 821 15 95 505 282 184 246 111 796 619 588 168 835 528 448 567 248 967 668 191 654 10 833 368 763
TestCase-87
889
13
758 94 671 579 185 523 882 923 841 611 770 863 157
TestCase-88
1527
32
965 418 830 930 328 754 176 230 356 758 986 438 144 10 873 687 873 479 731 512 252 264 430 141 963 384 349 890 800 269 486 18
TestCase-89
1165
59
194 507 678 858 957 184 153 209 147 454 961 483 651 686 72 949 629 456 3 932 579 449 482 817 35 420 411 868 347 784 269 134 333 421 330 937 288 717 164 430 974 56 232 373 945 878 950 840 118 775 844 475 126 474 546 130 478 179 621
TestCase-90
1656
4
372 108 663 856
TestCase-91
778
22
234 149 25 313 559 531 232 599 767 522 948 728 494 936 345 880 94 600 478 202 80 747
TestCase-92
1725
79
401 391 887 683 873 565 648 205 504 35 990 293 440 266 103 786 496 850 214 17 579 571 948 926 770 732 267 485 891 472 991 487 9 79 815 514 818 648 707 996 473 753 523 785 580 235 940 566 408 275 409 283 463 106 476 649 169 432 898 814 896 776 957 408 677 857 56 364 298 373 115 883 991 261 236 812 112 647 785
TestCase-93
1195
6
883 793 459 262 489 214
TestCase-94
446
50
628 482 505 506 979 257 758 655 65 929 123 944 792 895 257 535 246 219 814 440 963 514 165 240 886 938 56 145 888 295 304 196 507 690 460 371 502 593 416 18 952 129 431 635 8 564 349 179 998 670
TestCase-95
146
66
744 77 846 776 956 83 542 164 81 106 729 742 105 962 934 896 339 892 158 141 380 916 642 980 410 381 984 773 764 877 703 688 861 938 934 268 818 281 24 624 763 248 857 1000 622 205 659 361 160 541 116 316 837 628 151 719 605 474 625 131 761 279 244 122 19 965
TestCase-96
1682
28
287 229 509 827 336 949 184 838 629 136 773 655 177 103 792 328 4 871 872 71 914 685 113 843 916 367 259 40
TestCase-97
807
5
320 467 410 356 93
TestCase-98
271
93
344 631 575 787 130 125 961 471 538 697 562 534 931 490 155 736 281 814 930 17 614 460 139 779 503 647 516 591 979 116 602 286 608 39 616 246 756 301 224 349 802 844 237 973 99 506 277 998 729 602 135 447 123 73 606 144 640 91 890 583 689 183 849 950 818 152 603 501 611 753 712 714 354 697 192 17 820 478 410 205 979 23 131 729 718 416 593 241 566 337 232 484 325
TestCase-99
313
5
510 73 156 863 187
TestCase-100
1986
94
554 16 3 820 307 239 680 497 429 425 719 818 964 688 658 665 852 171 455 852 791 449 649 421 819 105 532 989 218 359 617 392 79 302 438 728 920 225 202 514 115 749 791 478 436 57 189 723 767 141 543 726 245 355 675 748 839 862 408 165 475 524 67 595 159 684 336 173 425 375 198 296 430 823 24 274 330 913 326 380 622 90 527 115 675 88 171 788 220 719 817 653 97 870
TestCase-101
1
1
1000
TestCase-102
2000
100
1 2 3 4 5 6 7 8 9 10 11 12 13 14 15 16 17 18 19 20 21 22 23 24 25 26 27 28 29 30 31 32 33 34 35 36 37 38 39 40 41 42 43 44 45 46 47 48 49 50 51 52 53 54 55 56 57 58 59 60 61 62 63 64 65 66 67 68 69 70 71 72 73 74 75 76 77 78 79 80 81 82 83 84 85 86 87 88 89 90 91 92 93 94 95 96 97 98 99 100
TestCase-103
10
100
1 1 1 1 1 1 1 1 1 1 1 1 1 1 1 1 1 1 1 1 1 1 1 1 1 1 1 1 1 1 1 1 1 1 1 1 1 1 1 1 1 1 1 1 1 1 1 1 1 1 1 1 1 1 1 1 1 1 1 1 1 1 1 1 1 1 1 1 1 1 1 1 1 1 1 1 1 1 1 1 1 1 1 1 1 1 1 1 1 1 1 1 1 1 1 1 1 1 1 1
TestCase-104
500
100
444 478 378 272 275 391 283 347 331 269 305 406 314 498 329 430 262 285 473 304 424 254 440 408 496 409 362 291 321 446 375 500 365 258 264 474 466 479 292 335 500 268 486 353 411 351 303 256 374 259 314 436 442 275 437 284 448 424 442 427 435 488 322 446 364 287 372 480 470 338 273 313 261 276 470 496 253 313 434 291 401 488 481 338 398 471 442 273 326 346 421 461 453 265 295 305 431 388 357 460
TestCase-105
50
5
20 15 35 40 10
TestCase-106
10
5
5 1 8 12 18
TestCase-107
5
5
7 3 2 9 14
TestCase-108
120
5
50 60 70 80 90
TestCase-109
1139
100
466 46 351 367 654 270 801 191 80 449 609 775 338 773 311 917 548 293 26 457 505 41 193 64 987 285 650 684 546 428 878 136 612 625 591 147 555 572 863 773 599 700 21 226 370 527 90 372 176 445 193 215 978 370 391 944 644 332 437 661 436 4 605 821 615 238 733 251 136 548 781 78 691 635 155 501 686 722 939 950 362 889 342 560 85 866 538 453 100 123 890 135 992 910 76 880 965 892 477 465
TestCase-110
605
100
16 879 162 539 332 20 895 401 133 726 232 69 638 105 815 278 131 237 549 587 716 979 652 399 839 301 959 968 187 171 678 359 535 558 609 250 82 228 595 889 610 465 888 918 12 456 126 643 991 621 166 126 360 566 840 304 530 748 303 188 675 214 576 463 899 272 374 171 699 785 533 396 744 460 104 84 582 627 306 587 278 600 725 890 55 908 840 405 62 800 30 767 663 765 192 656 54 170 443 55
TestCase-111
1521
100
849 19 622 445 755 273 843 187 999 246 134 857 117 367 968 544 553 711 655 281 92 675 405 156 463 197 44 343 919 939 390 26 559 199 469 788 996 372 149 379 772 720 193 970 647 318 641 377 594 37 737 90 153 136 577 769 843 934 888 448 165 888 642 747 377 819 773 110 867 711 682 156 951 293 344 529 281 321 883 179 601 595 855 373 586 827 195 928 221 550 986 282 209 20 824 318 137 397 95 210
TestCase-112
683
100
764 444 462 949 310 688 839 829 614 662 62 661 121 85 438 446 910 652 386 827 850 827 808 923 131 49 342 163 447 601 211 578 709 953 655 586 486 135 57 658 403 590 320 389 517 748 30 253 628 81 131 282 803 658 348 670 687 273 15 199 821 465 555 504 340 714 303 354 761 677 415 959 800 855 420 988 973 20 623 348 189 385 661 712 617 183 27 550 87 89 147 533 257 13 210 477 701 611 647 921
TestCase-113
1360
100
197 765 314 369 790 112 269 577 400 700 857 940 950 487 664 758 950 762 391 191 845 345 65 141 606 464 192 572 739 240 801 441 628 636 956 600 174 454 855 920 793 316 16 874 389 865 928 283 560 119 196 770 928 517 702 818 397 347 465 286 698 98 875 283 133 936 742 791 868 947 286 779 588 726 183 287 869 192 712 837 304 660 332 518 135 857 927 490 912 228 855 974 58 357 668 368 861 591 826 396
