108
TestCase-1
mo
30 2
1 67
1 86
0 76
1 97
1 60
1 43
1 42
1 4
1 50
1 87
0 69
0 23
1 60
1 78
1 72
1 73
0 11
0 49
1 82
0 13
0 4
0 96
1 57
0 87
1 61
0 46
1 78
1 16
0 86
1 72
TestCase-2
mqckhivispb
71 2
0 2
1 94
0 81
1 24
0 40
0 13
0 79
1 56
0 6
0 30
0 82
1 58
0 43
0 41
1 20
0 53
0 68
0 70
1 27
1 64
0 49
0 10
0 52
1 91
1 41
0 51
1 70
0 84
0 99
0 97
0 64
1 51
0 76
0 25
0 76
1 2
0 34
1 41
1 67
0 100
1 88
0 81
0 67
0 66
1 54
1 15
1 72
0 64
1 80
1 19
0 55
0 41
0 76
1 22
0 14
0 78
0 23
0 17
1 96
1 44
1 12
0 90
0 9
1 10
0 10
0 79
0 97
1 63
0 83
0 71
0 47
TestCase-3
cicwxxeckosvuriymgqfdummyzhsaexfkhsmubsb
72 2
1 43
1 53
1 32
0 15
0 22
0 28
0 79
0 74
0 76
1 61
0 27
0 44
0 58
0 99
0 42
1 69
0 94
0 26
1 61
1 68
0 38
1 42
0 6
0 85
1 17
0 8
1 48
0 9
1 91
1 50
1 82
0 39
0 55
0 77
1 9
1 83
0 72
1 33
1 15
1 58
1 15
0 71
0 64
0 69
1 60
1 80
0 35
1 55
0 64
1 98
0 21
1 67
0 58
1 50
0 47
0 77
1 56
0 21
0 76
1 35
0 41
1 59
0 96
1 29
1 56
0 44
0 72
0 96
1 10
0 13
0 84
1 35
TestCase-4
osykminpzivssadovuhhjiungymhwblmiveppopeznmuqvvhkiuhiruqqrbwntxmwifoboowsaxbtyzektxxdytx
79 2
1 67
0 54
1 53
1 23
1 18
0 52
1 67
1 12
0 53
1 48
1 44
1 80
1 35
1 26
0 79
0 23
0 22
0 77
1 7
1 38
1 23
1 21
0 68
1 44
0 41
1 61
0 4
1 25
1 61
1 21
1 3
0 46
0 11
0 92
1 37
0 53
1 73
0 19
0 54
1 48
1 61
1 79
0 77
0 25
0 91
0 2
0 84
0 25
0 17
1 99
1 40
1 95
1 40
0 9
0 74
0 7
1 16
1 53
0 15
0 83
1 2
1 10
0 16
1 64
0 41
1 89
0 41
1 48
1 2
1 21
0 81
0 18
0 16
1 36
0 47
0 71
0 36
1 86
0 78
TestCase-5
gbhvnvbltdgucqtryzphqcwfqwagcvtciwddoqgdcuysxbufmknquuqwbjphjkzqwglqpimefuxrrleh
61 2
1 45
1 73
0 48
0 59
1 15
0 24
1 4
1 56
1 73
1 17
0 53
1 61
0 38
1 63
1 67
1 39
1 61
1 80
0 10
0 56
1 67
1 3
1 1
0 87
0 60
1 25
1 97
0 84
1 70
0 10
1 64
0 95
1 60
1 72
0 94
1 41
0 72
1 85
1 2
0 29
0 2
0 61
0 30
1 33
1 83
0 73
0 91
0 45
1 52
1 50
0 86
0 16
1 82
1 68
0 16
1 0
0 36
0 13
1 3
1 20
1 88
TestCase-6
hkybplkrqkeaodcwenewihywnnhbnnvkstwvtxngynfxvoyymzsjkrdetjeltgkkwfuppc
80 2
1 36
0 40
0 77
0 62
0 21
1 28
0 91
1 32
0 99
0 73
1 74
0 93
0 43
0 7
0 89
0 22
0 79
0 82
0 68
0 69
0 70
1 50
0 89
0 1
0 67
0 55
1 56
1 69
1 4
0 10
0 67
1 16
1 77
0 4
0 42
0 4
1 39
0 34
0 69
1 78
0 0
0 79
1 14
1 68
0 58
0 48
1 12
0 78
1 24
0 72
1 89
1 49
0 47
0 34
0 34
1 59
1 4
1 76
0 36
0 37
0 55
0 90
1 95
1 66
1 10
1 86
0 91
1 54
1 87
0 53
0 35
0 1
1 14
0 84
0 18
0 48
0 51
0 39
0 42
1 100
TestCase-7
muzcelzmgqdlnnhfnqhyjcydfxpvjcfqkukfpgxouvdvotvixskbdxe
93 2
0 47
1 8
0 56
0 17
0 86
0 28
0 14
1 72
0 8
0 47
1 31
1 44
1 95
0 79
0 17
0 56
0 31
1 10
0 33
1 94
0 71
1 76
1 47
0 65
1 8
1 13
0 53
1 54
1 0
1 88
1 94
0 83
0 5
0 26
1 38
1 82
0 89
1 50
0 92
0 82
0 90
0 74
0 64
0 91
0 22
0 86
1 1
1 27
1 71
1 31
0 11
0 3
0 73
0 73
1 89
1 31
0 7
1 14
0 34
1 83
1 24
0 48
1 32
0 98
1 99
0 23
0 47
1 80
0 65
0 10
0 27
0 84
0 97
1 22
0 29
0 92
1 96
1 38
0 35
1 10
0 97
1 71
0 69
1 36
1 4
0 8
0 87
1 66
0 77
1 55
0 54
0 9
1 11
TestCase-8
p
88 2
1 23
0 60
1 91
0 83
1 34
1 17
0 9
1 64
0 71
0 6
0 98
1 31
0 39
0 24
0 85
1 86
0 30
0 90
0 75
1 26
0 34
1 65
1 73
0 94
1 30
1 6
0 37
0 85
0 26
1 36
1 77
1 85
0 33
1 18
0 98
1 44
0 28
1 96
0 81
0 6
0 13
0 48
1 75
0 71
1 81
0 13
0 82
0 92
0 58
1 96
1 38
0 65
0 21
0 94
1 29
0 40
1 94
1 55
0 72
0 62
0 76
1 39
1 38
0 30
1 8
1 52
1 31
1 80
1 24
1 32
1 8
0 87
1 74
1 36
1 55
0 29
0 35
1 54
0 18
1 50
0 2
1 55
1 97
0 2
0 84
1 8
0 8
1 8
TestCase-9
cugnjudpaej
42 2
0 84
0 68
1 38
0 49
1 64
1 30
1 51
1 73
0 54
0 82
1 0
1 94
1 98
1 94
0 85
0 96
0 26
1 35
1 96
1 88
1 53
1 90
0 21
0 71
1 75
0 0
1 58
0 37
0 34
0 11
0 38
0 42
0 0
0 14
1 25
0 0
0 56
0 65
0 76
0 44
0 82
0 37
TestCase-10
eussbtxyeuoauuspqnhzfmmukuuuuhikuqnmncgsoonttqbvgzzkjmodlqhflvmdmoeapghqwmy
80 2
1 44
0 74
0 52
1 39
1 54
1 49
1 39
1 48
0 55
1 64
0 81
1 93
1 1
0 69
0 2
1 78
0 83
1 47
1 81
1 49
1 73
0 99
1 62
0 99
0 88
1 13
1 94
0 23
1 10
0 54
1 0
1 33
1 25
1 58
0 76
1 66
0 19
1 37
0 54
0 21
1 39
1 3
0 35
0 21
1 63
0 0
1 59
0 41
0 56
0 78
0 50
1 14
1 16
1 73
1 38
0 33
1 87
0 64
0 23
1 35
1 72
0 5
0 75
1 22
0 4
1 82
0 13
1 59
0 63
0 87
1 62
1 83
0 71
1 46
1 24
1 83
1 43
0 66
1 70
1 83
TestCase-11
ptywnhskmqtmawevzdmnxrxjengihdepaipbhdjtpykyxmapfdydgyqhezkuoroficbodxf
7 2
1 48
0 76
1 65
0 21
1 99
0 7
1 88
TestCase-12
xqflppiaedmorkyfnlpyqyumbwcqzbbdgvqdsxecmiywyqtqratfixtignawsrsgxixwhzmyljldhl
30 2
1 71
0 89
1 5
1 98
0 0
1 20
0 11
0 95
0 100
1 83
1 100
1 19
0 86
1 93
0 96
0 29
0 38
1 29
0 16
0 41
0 11
1 88
1 47
0 4
1 76
1 5
1 4
1 40
0 14
1 6
TestCase-13
rorrxzfygwacirhjgsnggtiyuohkcmvdvvsweicapdjfszfargsmsbce
93 2
1 18
1 33
1 0
0 6
1 43
1 81
1 14
1 100
0 35
1 1
0 93
0 38
1 63
0 91
0 53
0 52
0 65
0 46
0 44
1 80
0 76
0 27
0 29
0 92
1 98
1 99
0 99
1 62
1 11
1 95
0 25
1 15
0 30
1 2
0 66
1 54
1 8
0 41
1 79
0 27
0 67
0 6
1 30
0 72
0 74
0 90
0 26
0 53
1 23
1 1
1 59
0 75
0 14
1 49
1 33
1 16
0 41
0 51
0 11
1 61
0 73
0 26
0 40
1 39
1 42
1 10
0 24
0 74
1 42
0 68
0 65
0 76
0 82
1 15
1 10
1 49
0 58
1 45
1 93
1 87
1 47
1 86
0 77
1 11
1 8
1 70
0 56
1 44
1 79
1 65
1 10
1 88
0 81
TestCase-14
flhhnbeckibnuinripwqyfmvfaowgdolsdnbkmwtpcoyrnzgecbxsunvztlraocjbaydvujapaxy
5 2
0 6
1 94
1 69
1 9
1 85
TestCase-15
bmbpjrhm
80 2
1 42
0 53
1 15
0 67
0 93
1 21
1 66
1 46
1 92
1 85
0 25
0 0
1 21
0 46
0 98
1 91
0 51
1 88
0 54
1 75
1 98
0 9
1 70
1 54
0 73
1 44
0 84
1 34
0 25
1 33
0 10
1 82
1 41
0 94
1 66
1 46
0 69
1 73
1 84
1 34
1 17
0 67
0 24
1 50
1 56
1 37
0 63
0 48
1 61
0 15
1 77
1 34
1 77
0 71
0 54
1 55
0 75
1 77
0 40
0 71
0 5
0 93
1 56
1 69
0 14
0 93
0 26
1 14
0 98
1 34
1 98
1 23
1 78
1 59
1 10
0 31
1 38
1 100
0 55
1 90
TestCase-16
sodtxtizmoaejkfsvrlcunzvgyhoszsspszohvernisoqtwqmmtqidyxprgfjfrhuphxusnumnmnizyatfzbbumrvjfw
81 2
1 88
1 63
0 6
0 41
0 3
1 77
1 100
1 39
1 98
1 81
0 7
1 61
0 81
0 30
0 42
1 65
1 29
0 93
0 21
0 64
1 98
1 78
1 6
0 50
0 77
0 86
0 67
1 0
1 95
0 5
0 67
0 38
0 20
0 12
1 66
0 69
0 89
1 72
0 20
1 85
0 75
0 13
0 47
0 74
0 42
1 59
0 29
1 2
0 2
0 67
1 95
0 31
0 87
1 38
0 60
1 84
1 49
1 36
0 94
1 79
1 34
0 82
0 34
1 25
1 43
0 16
1 78
0 8
1 86
0 34
1 9
1 49
0 39
0 67
1 100
1 48
1 53
0 75
0 68
0 10
0 17
TestCase-17
ohkcqkwpzqtutbhxwufetydxybxsdqftzqshgyraamtnqbougtttakxomcqnlqmoewmf
39 2
0 51
1 24
0 89
1 69
0 37
0 4
0 77
0 69
1 59
0 52
0 27
0 58
1 55
1 3
1 71
0 49
1 54
1 64
1 55
0 31
0 64
1 73
1 58
1 31
0 5
1 24
0 71
1 13
1 26
1 85
0 17
0 2
1 95
1 38
1 70
1 78
1 73
0 87
1 28
TestCase-18
qucslvcngcgkqzzwgklj
87 2
0 38
0 78
0 1
0 94
0 87
0 10
0 45
0 74
0 59
0 62
0 56
0 41
0 94
0 41
0 84
0 22
0 24
0 47
0 41
0 68
1 39
0 11
0 100
0 77
0 36
0 1
0 30
0 43
1 57
0 97
1 38
0 90
0 82
1 89
1 2
1 88
1 96
1 71
0 56
0 20
0 25
1 70
0 10
1 11
0 84
0 53
0 21
0 87
1 65
1 68
0 32
0 3
0 19
0 99
0 99
1 37
1 26
0 84
0 6
0 91
1 9
1 60
0 45
1 27
0 87
0 12
0 96
0 76
0 54
0 23
1 76
0 100
1 58
1 99
0 85
1 92
0 100
1 22
1 33
0 66
1 62
1 3
1 53
1 34
0 55
0 58
0 71
TestCase-19
gydbanqvmotxrguqduhnitiymfhuzskpyrdfxygiacoshuzokojsscbjp
87 2
1 58
0 4
1 23
0 51
0 29
1 10
0 68
1 57
0 44
1 83
1 0
1 12
0 35
1 26
0 57
0 59
1 89
0 100
1 14
0 39
0 40
1 73
0 17
1 26
0 15
1 40
1 37
1 76
1 42
0 88
0 91
0 26
0 97
1 70
1 21
0 28
0 70
0 3
0 30
0 2
0 94
0 75
1 83
1 98
1 98
0 59
1 66
0 50
1 7
1 89
1 22
0 74
1 94
0 94
1 12
0 91
1 21
0 62
1 2
0 95
0 55
0 47
0 55
0 51
0 68
0 20
1 21
0 44
1 26
1 89
1 2
0 33
0 42
1 39
0 2
1 89
1 39
1 80
1 34
0 24
0 82
1 60
1 34
1 13
1 19
0 6
0 44
TestCase-20
ehzhfzwenlskyexdaqyox
56 2
0 46
1 96
1 29
1 81
0 57
0 90
0 24
0 59
1 90
0 45
0 94
0 54
1 24
1 60
0 5
1 71
0 99
1 20
0 68
1 22
0 83
0 24
1 27
0 67
1 32
1 43
1 33
1 9
0 4
0 28
1 3
0 71
0 57
0 90
1 72
0 28
1 12
1 97
0 63
0 14
0 98
1 79
1 37
0 11
0 47
0 50
1 15
0 12
0 93
1 66
0 89
1 45
0 41
0 49
1 12
1 63
TestCase-21
ohlnwirlfb
89 2
0 69
0 79
0 73
0 72
0 6
1 45
1 88
1 13
0 96
1 82
0 9
1 50
1 51
0 5
1 41
0 72
1 55
0 46
1 86
1 77
0 33
0 81
0 47
0 99
1 38
0 85
0 41
0 91
1 88
1 71
1 39
0 39
0 6
1 90
0 23
1 60
0 7
0 13
0 99
0 34
0 73
0 74
0 87
1 86
1 81
1 57
1 46
0 11
0 68
1 48
0 72
0 11
1 55
0 49
1 96
1 17
0 79
0 77
1 42
0 46
1 85
0 86
0 54
1 10
0 42
0 84
1 9
0 84
1 29
1 13
0 60
0 61
0 65
0 98
0 65
0 81
0 49
0 61
1 23
1 40
1 71
1 89
0 94
0 20
0 14
0 42
0 26
1 77
0 30
TestCase-22
yspewaqxzdkkrycbbdpaestri
74 2
0 54
1 19
1 9
1 51
0 54
1 98
0 14
0 6
0 71
1 44
1 1
0 67
1 34
0 7
0 2
1 47
1 43
1 92
1 1
0 99
1 17
1 36
0 10
1 47
0 93
0 60
1 0
1 9
1 38
1 41
1 15
0 61
0 96
1 24
1 44
0 89
0 42
0 3
1 23
0 39
0 44
0 66
0 9
1 74
0 62
1 80
1 40
1 81
1 48
0 35
1 28
1 87
0 92
0 59
1 49
1 80
1 41
0 64
0 13
1 47
1 77
1 43
0 98
0 46
0 45
0 18
1 37
1 81
1 38
0 24
1 43
1 79
0 62
0 33
TestCase-23
jidokdzoemylfnhttluutdjcemcigulabgluofqtlqeworawfofitbwtydbnzbketgodj
84 2
0 60
1 98
1 32
0 38
0 87
0 90
1 74
0 32
1 0
1 79
0 7
1 27
1 71
0 47
1 83
0 93
0 13
1 69
1 49
0 53
0 12
1 9
0 4
1 4
0 2
1 18
1 49
0 27
1 17
1 89
1 9
1 79
1 29
1 76
1 90
0 70
1 46
0 17
1 91
1 10
0 32
1 92
0 13
1 45
1 79
0 66
0 39
1 68
0 99
0 46
0 68
0 71
0 81
0 20
0 12
0 76
1 61
0 69
0 15
1 10
0 65
0 94
1 90
0 86
0 72
1 22
0 70
1 25
1 67
1 14
0 14
1 100
0 10
0 95
0 31
1 94
0 74
0 89
0 2
0 67
1 54
1 49
0 6
0 71
TestCase-24
fmpxzjrexmvpihrwnbjpbsgtvfsalyvifloifviuzfvuicwawxiomirxqnqhzyvjvvountphhghlsadjujeymrpfcbnpotc
64 2
0 63
0 40
1 58
0 30
0 89
1 4
1 5
1 49
1 55
0 77
1 80
0 22
0 69
0 30
1 68
0 29
1 17
0 67
1 37
1 10
0 48
0 89
1 50
1 58
1 16
0 75
0 87
0 100
1 25
1 71
0 25
0 30
1 89
0 9
1 93
1 2
1 92
0 70
0 22
1 15
0 83
1 16
0 100
0 48
0 50
0 67
1 46
0 58
0 44
0 51
0 71
1 34
0 59
0 71
0 6
1 42
0 17
0 51
0 1
0 27
0 0
1 6
1 45
0 77
TestCase-25
samm
54 2
0 70
1 58
1 20
0 5
1 69
1 10
0 60
0 57
1 99
0 90
1 99
0 80
0 86
1 37
0 2
1 50
0 17
0 98
1 49
1 77
0 72
1 12
0 47
1 90
1 51
1 38
1 12
1 98
0 4
1 38
0 59
1 94
0 64
1 69
1 53
1 12
0 35
1 74
1 47
1 77
0 89
0 59
0 33
1 97
1 47
1 80
0 61
1 78
1 88
0 19
0 96
1 52
0 15
1 96
TestCase-26
fxqhjqdydbmzsgvhjglwkkqzrbfvregwxwcrzymoaybefcawumnqxjpoiqteksrosijxguu
21 2
1 36
1 21
1 49
0 52
1 68
1 24
1 62
0 90
0 14
0 64
1 41
0 69
1 78
0 77
0 77
1 24
1 76
0 60
0 6
1 13
0 20
TestCase-27
swrzumuoyryqiqvocnysgfjrzzmxxjvdhoqtarztcgaycobkowtjqrgyo
35 2
0 49
1 12
1 91
0 26
0 81
1 55
0 48
1 19
1 30
0 20
0 71
0 44
0 92
0 21
0 15
0 12
0 8
1 20
0 66
0 81
1 22
1 29
0 52
1 55
0 38
1 23
1 29
1 17
0 56
1 23
1 49
1 12
0 9
1 58
0 49
TestCase-28
urzgiwjqfzqywdbojvhbvkrsslcqimtmy
56 2
1 81
1 61
1 57
0 86
0 24
0 28
0 87
1 13
1 54
1 41
0 68
0 95
0 23
1 93
0 55
1 93
0 8
0 63
1 94
1 80
0 8
1 21
1 56
1 62
0 82
1 78
1 57
1 13
0 13
0 19
1 73
1 49
0 2
1 89
0 2
1 51
1 61
0 6
1 29
0 4
0 42
1 62
1 50
1 0
0 75
1 25
1 73
1 43
0 5
1 90
0 78
1 28
1 15
1 57
1 81
0 37
TestCase-29
pakidgezlhffvjzadrprk
12 2
1 12
0 17
0 41
0 58
1 86
0 53
0 13
1 69
0 32
0 4
0 82
1 54
TestCase-30
pwqaigjnn
91 2
0 82
0 43
1 40
0 82
0 88
0 30
1 41
0 75
0 89
0 33
1 76
0 65
1 68
1 47
0 53
1 46
0 60
0 17
1 90
1 30
0 23
1 68
0 34
0 51
0 68
1 30
0 48
1 61
1 64
1 77
0 53
0 61
0 24
1 32
1 17
1 84
0 92
1 8
1 91
0 45
0 72
0 95
0 42
0 19
0 34
1 1
0 33
1 26
1 17
0 24
1 79
1 93
0 97
0 32
1 24
1 23
1 46
0 48
0 68
0 75
1 51
1 63
1 85
1 84
0 86
0 82
0 77
1 97
0 45
1 65
0 60
0 65
0 53
0 58
0 2
1 48
0 9
0 50
0 40
1 28
1 83
0 31
0 25
0 38
0 27
0 16
0 12
0 62
0 99
1 48
1 55
TestCase-31
lvgogtuqetrrbhwmgrlfogykafylfaqtpciwpzrauywycgtqqnpdvnbodpdftdukyf
26 2
0 70
0 75
0 24
0 37
0 48
0 12
1 34
1 46
1 59
1 97
0 32
1 7
0 57
1 52
1 4
0 23
1 55
0 7
1 75
1 45
1 11
0 44
0 86
0 18
1 99
0 65
TestCase-32
udrqbhxmavymufazgyqmtacjfxnlg
30 2
0 1
1 61
0 28
1 15
1 96
1 34
1 32
1 9
0 62
1 64
1 4
1 28
0 49
1 56
0 2
0 14
1 27
1 55
0 59
1 42
0 51
0 68
0 27
0 60
0 14
0 84
0 23
0 97
1 20
1 46
TestCase-33
vkjeunpyjrrnxkhayvbnmboolnvoaacgrqfxjssmyuybbdcvehfmfllvvssxrxjqjidrcpunoyrvsbcybrwybaolmcxbbbz
2 2
1 74
1 22
TestCase-34
ooqsascapwylbkvovywdjvnuaqdrwmrwabxquqrirwrbukujckxastssra
4 2
0 82
1 8
1 54
0 95
TestCase-35
rfpghili
18 2
0 38
1 36
0 31
0 59
1 56
0 95
1 58
0 37
0 96
0 61
1 56
1 5
0 74
0 31
1 29
0 57
0 0
0 26
TestCase-36
ljajmxhbkyftsvimqmz
73 2
1 10
1 65
1 9
1 53
0 2
1 66
0 48
1 52
0 85
1 92
0 18
0 73
1 8
1 82
0 34
1 56
1 47
1 62
1 33
1 5
0 51
0 31
0 60
1 0
0 73
1 12
1 21
0 46
0 58
1 21
1 68
0 73
0 69
0 52
0 99
0 93
0 35
1 63
0 16
1 32
1 35
1 85
0 88
1 97
0 99
0 33
0 22
1 15
0 24
0 4
1 41
0 5
1 46
1 64
1 69
0 24
1 90
0 29
0 77
0 94
0 41
1 73
0 39
0 18
1 73
0 43
1 36
0 81
0 27
0 89
0 66
0 34
1 53
TestCase-37
ehiqkhvkpulrinleufqgobelgrwxczozddvzrofrvim
82 2
0 73
1 50
0 70
1 28
1 63
0 83
0 61
1 88
1 93
1 12
1 56
0 42
0 2
1 17
1 23
0 30
0 90
1 91
0 19
1 83
1 12
1 31
0 75
0 6
0 60
1 99
1 70
0 66
1 37
0 42
1 4
0 51
0 19
1 31
1 37
1 71
1 66
0 91
0 94
0 68
0 71
0 36
1 63
1 0
0 8
1 7
1 89
0 79
0 70
1 29
0 7
0 86
1 71
1 22
1 5
0 20
1 62
0 99
0 61
0 85
1 38
1 99
0 46
0 95
0 57
1 77
0 75
1 1
0 19
0 14
1 95
0 65
1 90
1 82
1 84
1 54
1 83
0 16
1 6
1 34
1 32
0 54
TestCase-38
lxspmenww
25 2
1 96
1 39
0 87
0 42
1 28
1 1
1 61
0 19
1 36
1 23
0 43
0 38
1 88
1 50
1 79
1 86
0 69
0 44
1 28
1 11
0 26
1 35
0 14
0 92
0 17
TestCase-39
xodjdzqyhdjey
61 2
0 4
1 64
1 84
1 62
0 25
0 33
0 85
0 40
0 53
0 25
1 37
1 46
1 87
1 44
0 17
1 52
1 46
0 93
1 77
0 69
1 62
1 80
1 74
0 42
0 60
0 54
1 52
1 28
0 69
0 81
1 61
0 22
1 99
0 47
1 71
0 22
1 96
0 82
0 64
0 60
0 88
1 49
1 35
1 29
0 8
1 92
1 35
0 73
0 55
0 10
0 12
1 66
1 53
1 42
0 85
1 83
1 72
1 41
0 35
1 18
1 37
TestCase-40
mwlovp
97 2
0 26
1 48
0 6
1 81
0 84
0 22
1 28
0 64
1 27
1 42
1 97
1 77
1 40
1 87
1 61
1 74
0 72
0 44
0 77
0 1
1 12
1 10
0 84
0 14
0 61
1 60
1 46
0 10
1 6
0 87
0 21
0 13
0 40
0 27
0 13
0 85
0 64
1 76
1 26
0 69
0 32
1 71
1 31
0 8
0 40
1 80
0 46
0 51
1 56
0 27
0 75
1 14
1 80
0 45
1 29
0 94
1 40
0 47
0 56
0 90
1 15
0 78
0 10
1 36
1 82
0 11
0 60
0 18
1 94
1 66
0 84
1 71
0 10
0 12
1 29
1 7
1 72
1 97
1 77
0 42
0 100
1 96
1 10
0 14
1 97
0 13
0 46
0 34
0 24
1 68
0 39
0 81
0 53
1 63
0 81
0 4
0 97
TestCase-41
svrqdkblkrrgifnhoxaqofrhvumloqydlbqenszcfzkmcuubmokjpgncscinafdemctpjlfeewomitfvnkxidagsgdosohbty
32 2
0 94
1 98
0 21
0 26
1 29
0 60
0 7
0 2
1 18
1 69
0 22
0 49
0 37
0 50
1 4
0 0
1 79
1 64
0 99
0 40
1 36
0 38
1 72
0 56
0 15
0 69
0 28
0 7
1 49
0 61
1 55
0 80
TestCase-42
lxjwhxxudaubwxxnlulgltikqzstnfehblxnekzkhqkttfutqshtiuhbvbyjhhknikndhrgdyipkgz
53 2
0 48
1 33
1 72
0 58
1 47
0 44
0 14
0 97
0 56
0 74
1 10
0 12
1 72
1 90
1 1
0 8
0 8
1 83
1 73
0 45
0 61
0 9
0 0
1 6
0 35
1 33
1 89
1 9
0 12
0 48
1 79
1 64
0 67
1 51
0 10
0 91
0 58
1 60
0 47
1 90
0 33
0 39
0 48
0 39
0 35
0 89
0 36
0 47
1 15
0 57
0 19
1 35
1 11
TestCase-43
ynfgpjlwxobwfbqdalwmibgitnajyruiievgvkthrllxlmtzgbsciriuemqjvktskxbyrhejikgmgrjigiumcr
21 2
0 2
0 87
0 85
1 100
0 100
1 83
0 72
1 92
0 62
1 90
0 34
0 28
0 43
1 31
1 11
0 20
0 2
0 60
1 78
0 85
0 93
TestCase-44
vrvemml
57 2
0 11
1 58
0 87
1 1
0 73
0 29
1 100
0 51
1 40
1 96
1 47
0 17
0 14
1 77
0 43
0 10
1 66
0 9
0 37
0 25
0 95
1 50
1 36
0 58
1 88
1 84
0 85
0 69
1 28
1 56
1 1
1 86
1 59
0 71
0 97
1 10
0 24
1 58
0 19
0 60
0 21
0 26
1 45
0 90
0 37
1 11
1 75
0 61
1 58
1 97
0 39
0 83
1 29
0 39
1 28
0 73
1 84
TestCase-45
d
55 2
0 4
1 9
0 8
1 36
0 43
0 33
1 30
0 16
1 40
0 62
1 29
0 85
0 16
1 34
0 24
0 61
0 55
1 92
1 62
1 85
1 14
1 67
1 56
0 29
1 6
0 3
1 73
0 99
1 70
0 51
0 63
0 19
0 61
1 58
0 26
1 39
1 25
1 21
0 3
1 18
0 77
1 57
0 63
0 45
1 41
0 12
0 18
0 49
1 50
0 98
1 36
1 62
0 49
1 34
0 73
TestCase-46
hjmer
73 2
1 96
1 20
1 61
1 34
0 62
0 46
1 94
0 33
0 92
1 57
1 52
0 42
1 85
0 86
1 20
0 7
1 15
0 71
0 99
1 64
0 30
1 34
0 83
0 71
1 4
1 97
1 56
0 7
1 14
0 5
0 95
0 64
0 97
0 11
0 38
0 91
0 71
1 53
0 43
0 5
1 76
1 78
0 39
0 83
0 7
0 14
0 94
1 56
1 14
1 22
1 54
1 79
1 43
1 99
0 5
1 12
0 49
1 35
0 34
1 37
1 81
0 18
0 84
1 42
1 64
1 22
1 35
1 97
0 62
1 23
0 13
0 2
0 68
TestCase-47
gvuaxsowtjulqmtciyzkhhvbvainptd
100 2
0 22
0 94
0 41
1 23
1 14
1 66
0 85
1 71
0 7
1 55
1 60
1 10
1 22
1 70
0 39
0 20
1 84
1 24
0 56
1 88
1 10
1 46
0 79
0 40
0 25
1 88
1 40
1 76
1 3
1 55
0 55
1 28
0 91
0 5
0 86
1 67
0 13
1 60
0 27
0 97
0 37
0 14
0 97
0 3
1 51
1 29
1 78
1 17
0 59
1 42
1 6
0 49
0 87
0 41
0 87
0 46
0 26
0 34
1 49
0 79
1 35
0 4
1 17
0 93
1 48
0 0
0 85
0 16
0 86
1 11
0 98
1 40
0 36
1 55
0 26
1 92
0 89
1 67
1 75
0 93
0 52
0 39
0 81
1 41
0 16
0 72
1 55
1 63
0 1
0 77
1 61
0 93
0 32
0 85
1 99
1 80
1 33
0 36
0 3
1 93
TestCase-48
jbrhowaliudpqrihmxzbozzfogxkuwubkzexdvmtfrjjbewedywryezmgayyhfwgcsvgeyuayopoafvnioqezsqneum
18 2
1 36
1 75
1 75
1 57
1 7
1 26
0 22
1 22
1 30
0 19
1 8
1 96
0 38
1 48
1 6
0 30
1 67
0 97
TestCase-49
ngnrhunjlsfdyofdwereaihjgmkjqjyrct
9 2
1 79
1 27
1 38
0 47
0 16
0 14
1 61
1 46
0 0
TestCase-50
jjyeynkjsqzxqxzroqmbdvjpnytujjqxnwowhbjtcurwqgdtklmtsxfwjwlhihnrkjcgkwidahd
4 2
1 77
0 87
0 69
1 7
TestCase-51
kshnfgjrtfnwjaiipzeetidrptlsqaoelfszgrrqdvddoonfahjdvbgmonmxioflmttykwkkubpjdttiwhpzodmhbjudps
89 2
1 32
0 1
1 60
0 17
0 23
0 33
1 66
1 69
1 98
1 86
1 26
0 90
0 36
0 29
0 69
0 59
0 13
1 75
1 99
1 77
0 72
0 31
0 39
1 54
1 9
0 56
1 52
1 1
0 26
1 55
0 60
1 40
1 57
1 87
0 18
0 76
1 63
1 23
1 84
1 33
0 54
0 67
0 96
0 42
0 20
1 97
0 63
1 47
0 33
1 100
0 54
0 31
1 65
0 55
1 42
1 87
1 0
1 48
1 79
1 47
1 98
1 37
0 9
0 87
1 56
1 67
0 39
0 63
0 26
0 73
0 28
0 20
1 6
1 48
0 31
1 43
0 23
1 52
1 50
1 100
1 18
0 34
0 7
0 88
0 50
1 18
0 10
1 4
1 10
TestCase-52
zabswmhkfsretjarmidejtmelymlduowrnafdgxoexzlxbbbuqdxnuvxhksmcvciyjebosyydkiafygvdojd
80 2
1 29
1 78
0 64
1 1
1 18
1 95
1 54
1 63
0 67
1 75
1 86
1 47
1 85
0 13
1 34
0 29
0 22
1 26
1 78
0 29
1 61
0 3
1 58
0 88
1 62
0 95
0 54
0 78
1 69
1 88
0 95
1 21
1 52
1 32
1 60
0 40
1 89
0 31
0 0
0 71
0 40
0 50
0 100
0 43
1 61
1 90
1 47
0 3
1 55
0 56
1 27
0 18
1 41
1 63
0 44
0 17
0 96
0 63
1 15
1 31
1 49
0 93
0 23
1 83
0 15
0 36
1 9
0 62
0 16
0 61
0 81
0 24
0 64
1 13
1 69
0 45
0 25
1 26
0 79
0 33
TestCase-53
prpgokpomyvsifqcvqdoaicgkxukcczhalkubahxoohigoaeptuwvxailbkhupilvxvmnwvnd
45 2
1 18
0 79
0 9
0 68
1 68
0 61
0 58
1 69
1 89
0 68
1 86
1 81
0 43
0 27
0 63
0 43
1 43
0 24
1 2
1 83
0 37
0 28
1 74
0 54
1 69
1 64
0 23
1 0
0 18
1 35
0 14
0 45
0 27
0 39
0 15
1 40
1 97
0 58
1 26
1 25
0 28
0 93
0 80
0 39
1 74
TestCase-54
vzcrbpkfcpywqgqypvcrolxjpilovspszscmzmmyrnmalkdtbqexlnjocmgwbqstcwvgdhklbwmhdiakywhjdszvgvidhmuhdrh
97 2
1 5
1 38
0 8
1 33
0 96
1 89
0 18
1 14
0 48
0 32
0 7
1 32
0 22
0 71
0 69
1 66
1 33
0 13
1 9
0 81
0 23
1 34
1 94
1 50
0 93
1 39
0 88
0 16
1 24
1 89
1 88
1 44
1 63
1 69
0 36
0 9
1 72
1 9
1 4
0 45
1 96
0 9
0 65
0 53
0 43
1 96
0 97
1 99
0 18
0 87
0 0
1 18
0 80
0 61
1 22
1 96
0 10
1 31
1 41
1 77
1 97
0 81
0 9
0 56
1 17
1 32
1 28
1 19
0 69
1 58
1 23
0 56
0 39
0 58
1 44
1 48
0 60
0 43
1 36
0 10
0 51
0 38
1 60
1 91
0 64
1 46
0 55
0 34
1 11
1 42
1 27
1 47
0 0
1 97
0 37
1 11
0 80
TestCase-55
gbrxbltjsaikidxkelorduezvlvxapmbalwcnszffdoririlz
76 2
1 22
1 17
1 42
0 10
1 77
1 60
0 98
0 83
0 33
1 98
1 48
1 81
1 57
1 95
0 12
1 47
0 49
0 95
1 19
0 79
0 49
1 61
1 100
0 47
0 72
1 14
1 70
1 43
0 89
0 61
0 32
1 99
0 87
1 85
0 97
1 91
0 51
1 93
0 81
0 6
1 44
1 56
0 21
1 4
0 48
0 91
1 76
0 89
1 13
1 51
0 81
0 27
1 37
0 71
0 68
1 41
1 50
0 81
0 89
1 26
1 58
0 26
1 64
1 49
0 35
0 25
1 87
1 49
0 10
0 22
0 24
1 76
1 69
0 66
1 49
0 36
TestCase-56
svzgltvcsyhpsfufxrzfhkdrdjorkmnaufjqedbauwiacvnehpqjrvltjhtrzjjgdkazzsfmahs
7 2
1 20
0 64
1 67
0 8
1 73
0 58
0 63
TestCase-57
itzixnmpnj
100 2
1 25
0 2
0 2
1 100
0 97
1 96
0 80
1 2
0 23
1 57
1 84
1 41
0 59
0 23
0 21
1 85
1 84
0 36
1 65
0 67
0 63
1 54
1 41
1 92
0 60
0 47
1 16
1 48
1 44
1 26
1 30
1 21
0 21
1 45
1 90
0 61
1 42
0 27
0 12
0 56
1 100
1 83
0 9
1 3
0 4
1 3
0 5
0 95
1 5
1 30
1 99
0 59
1 44
1 56
1 8
0 67
0 44
0 83
1 58
0 5
1 21
1 33
0 74
0 79
0 39
0 23
0 70
0 67
0 66
0 12
1 22
0 44
1 21
1 12
0 39
0 47
0 51
1 63
0 95
0 88
0 83
1 95
0 66
0 12
1 98
1 74
0 29
1 67
0 34
1 76
1 21
0 15
0 73
1 74
0 1
1 51
0 10
0 59
0 41
1 15
TestCase-58
fsnhehmrcwrirxaospukcvrifquhrtrtjwvmyunegogjrhfdwkpiajshlcebdzeapz
95 2
1 66
0 24
1 46
0 22
0 67
1 52
1 74
1 36
0 96
1 12
0 57
0 82
0 35
0 84
1 55
1 80
0 57
1 18
1 47
1 98
0 79
1 88
0 45
1 40
0 64
0 4
1 15
1 79
0 50
0 92
1 79
0 19
1 41
1 62
0 8
0 62
1 90
1 62
1 61
0 84
0 67
0 86
0 11
0 23
1 76
0 21
1 15
0 62
1 57
1 70
0 17
1 81
0 10
1 1
0 8
1 10
1 72
0 45
0 22
1 16
0 82
0 41
1 9
0 34
1 71
0 78
1 22
1 6
1 53
0 18
1 56
1 4
0 11
0 2
1 54
0 76
1 22
1 10
0 58
0 24
0 75
0 3
1 31
0 72
0 35
1 99
1 99
0 65
1 49
1 23
0 51
0 31
1 60
0 31
0 23
TestCase-59
uvxdjqvtljpzvlwvxwfsspkt
65 2
1 72
1 5
0 69
1 28
1 32
1 3
0 63
1 23
0 43
0 12
1 68
1 45
1 11
0 86
0 23
1 41
1 7
1 90
1 11
0 100
0 1
1 15
0 45
1 77
0 48
0 15
1 49
0 99
1 47
0 93
0 40
0 80
0 50
1 6
1 24
0 37
1 4
1 91
1 73
0 79
1 48
0 75
1 31
0 78
0 55
0 41
0 7
0 42
0 55
0 74
0 51
0 41
1 53
1 4
1 6
1 66
0 33
1 20
1 49
0 28
0 49
0 34
0 99
0 44
1 45
TestCase-60
ljclhwegaypbyagejrhcacmnnmssgiffmsodnxjciwovmxkwvhqmjohblpasxzfvdnbjjevuejtlzwpaufejkhyetyt
52 2
1 89
1 61
1 51
0 24
0 21
0 77
1 63
0 53
0 9
0 93
0 59
0 25
0 28
0 65
1 24
1 62
0 93
1 52
1 95
1 3
1 21
0 40
0 21
1 54
1 100
0 57
0 47
1 42
0 65
0 70
1 42
0 85
1 8
0 10
0 50
1 89
1 64
0 65
1 100
1 39
1 92
1 43
1 100
1 52
0 66
1 1
0 13
1 86
0 0
0 57
1 74
0 11
TestCase-61
qvbazoluozgucszsydzjfdjzlgcyosfhoyfdsebhmufwigyhnehvbhwttfzulpctnbfjrnfi
70 2
1 85
0 31
1 55
0 10
0 11
0 2
0 3
0 17
1 44
1 51
0 8
0 27
0 31
1 37
1 7
0 47
1 91
0 91
1 74
1 85
1 90
0 99
1 61
1 8
0 55
0 91
1 85
1 15
0 99
0 39
1 40
1 46
0 61
0 28
1 71
1 61
1 60
0 43
0 96
1 49
0 58
1 50
1 47
1 38
0 38
1 40
0 34
1 93
0 61
0 100
1 33
0 5
1 15
1 72
1 10
0 99
0 0
0 4
1 43
1 50
1 60
0 35
1 36
1 65
0 9
0 34
0 38
1 68
1 44
1 49
TestCase-62
wzuwtnutaysyjyeaqztkdvtevipsnlufdqyuhdqtsgeraoctygea
91 2
1 42
0 98
1 7
1 6
0 0
1 60
0 77
0 14
1 1
1 36
0 68
1 62
1 28
0 91
0 66
0 58
0 96
0 64
1 2
0 41
1 12
1 0
0 89
1 54
0 8
0 1
0 78
0 0
1 33
1 29
1 49
1 20
0 19
0 30
1 28
1 21
0 0
1 99
0 58
0 78
1 4
0 92
0 91
0 84
0 51
0 78
1 13
0 60
1 53
0 88
0 32
1 88
1 95
0 36
1 84
0 52
0 18
1 68
0 73
1 66
1 40
0 69
1 6
1 45
0 6
0 15
0 31
1 96
1 94
0 61
0 32
0 11
1 84
1 57
0 62
1 78
0 32
0 28
0 41
1 15
0 89
1 77
0 33
0 92
0 50
0 36
1 11
0 87
0 84
0 20
1 21
TestCase-63
caerlesbrwoxmtohybbltscsvhstoxmeulrcleihsnotualozhinpzsxenrbcqgexktohlvkdp
44 2
0 8
0 30
0 15
1 63
0 34
1 65
1 60
1 66
0 99
0 71
1 46
0 61
1 60
1 96
0 42
0 43
1 47
1 39
0 71
0 6
0 42
0 99
0 21
0 5
0 8
1 41
1 17
0 49
1 1
0 22
1 72
1 45
1 15
0 57
1 38
0 40
1 41
0 84
0 56
1 64
1 84
0 20
0 46
1 41
TestCase-64
hhtpqwsncpp
7 2
0 69
0 78
0 84
1 44
0 71
0 10
1 92
TestCase-65
jnwpnlgnfydovtfsrvxdqvbiwrqtcektctfgpvzsnpitxa
100 2
1 36
0 15
1 45
1 75
1 96
0 6
0 14
0 17
1 37
1 75
0 1
1 29
0 49
0 89
1 42
1 41
1 32
0 41
0 2
1 91
0 24
0 99
1 65
0 87
1 30
0 78
0 6
0 18
0 79
0 22
1 62
1 98
0 8
1 41
1 70
0 16
1 30
0 19
0 13
0 30
0 79
1 82
0 10
1 79
0 92
1 55
0 78
1 73
0 83
1 41
0 71
1 40
0 54
0 71
1 72
1 28
1 63
0 97
1 26
0 44
1 42
1 19
0 68
1 68
1 54
0 37
0 36
1 12
1 50
0 48
0 83
1 48
1 83
0 36
0 42
1 48
1 55
1 33
1 97
1 2
0 24
0 81
1 65
0 2
1 9
0 96
0 10
0 89
0 35
1 68
0 53
1 20
0 60
0 38
0 82
0 49
1 96
0 75
0 28
1 54
TestCase-66
obxbvxzsijdaw
60 2
0 87
0 59
0 64
0 93
1 87
0 79
0 100
1 15
1 18
0 18
0 87
1 59
0 57
0 78
1 26
1 4
0 81
1 10
0 63
0 69
0 71
0 94
0 20
0 10
0 95
1 67
0 51
1 44
0 61
0 52
1 31
0 5
1 1
1 10
0 56
1 63
1 77
0 38
1 3
0 77
1 6
0 42
0 11
1 91
1 98
0 50
0 21
1 45
1 62
1 78
0 54
1 27
1 53
0 11
0 67
0 62
0 79
1 82
1 23
1 38
TestCase-67
ufjwskfkjgqmkrnvoutzlrutmbmuciaaweexhwtifcwihieubkezifujarqgfebi
89 2
0 29
1 29
1 53
0 43
0 29
1 1
1 38
1 76
1 16
1 39
0 99
0 59
0 7
1 72
1 39
0 8
0 6
1 37
0 97
0 43
1 36
1 87
0 81
0 2
1 8
0 53
0 56
0 61
1 64
0 34
0 54
1 37
1 89
0 73
1 74
0 28
1 85
0 1
1 75
0 48
1 81
0 34
0 3
0 1
0 99
0 44
0 47
1 23
1 88
0 1
0 69
0 72
1 38
0 64
1 18
0 37
0 1
1 69
1 66
1 39
1 38
1 5
0 48
0 78
1 31
1 32
0 74
1 13
1 53
0 52
0 53
1 99
0 41
1 64
0 4
1 22
1 36
1 33
1 97
1 79
1 98
0 90
1 6
0 82
0 41
0 88
0 95
0 53
0 71
TestCase-68
hcrgxophzcitykygadvdzeah
76 2
1 35
1 50
0 66
1 82
0 94
1 44
1 26
0 54
1 15
1 26
1 95
1 26
0 67
0 51
1 84
0 74
0 99
1 5
1 27
1 64
1 98
1 36
0 4
0 89
1 21
0 92
1 58
0 53
1 41
1 45
1 98
1 66
1 21
1 10
0 70
0 16
1 13
0 41
0 39
1 58
0 53
1 71
1 64
0 75
1 68
1 46
0 85
0 100
1 13
0 70
0 59
0 69
1 3
0 72
0 38
1 87
0 19
1 7
0 69
0 33
1 26
1 81
1 11
0 66
1 0
1 64
0 57
0 37
1 46
1 43
1 95
1 9
0 81
0 52
0 52
1 2
TestCase-69
dgloocqdzenvrfhlpcioyurxvoqrjnerob
89 2
1 24
0 26
1 45
1 99
1 90
1 98
0 94
1 43
1 9
0 0
0 93
0 82
0 50
0 23
1 14
0 51
0 72
1 92
0 46
0 24
0 16
0 38
0 62
0 16
0 19
0 1
1 88
1 0
0 36
1 73
1 48
0 77
0 93
1 100
1 3
0 47
1 36
0 37
0 34
1 96
0 97
1 90
0 91
0 52
1 20
1 71
1 9
1 59
1 10
1 9
0 31
1 32
1 58
0 77
1 32
0 49
1 66
1 84
0 69
0 29
0 61
0 92
0 4
1 33
1 95
1 77
0 63
0 75
1 52
0 41
1 82
0 16
0 74
1 54
1 23
0 34
1 33
0 1
0 62
1 80
1 60
0 98
1 54
0 57
1 100
0 55
1 43
0 95
1 92
TestCase-70
dkqlmpzlhtlvaofojoopchqshmxuo
53 2
0 23
1 19
1 56
0 70
1 12
0 32
1 45
1 61
0 80
0 70
0 68
1 86
1 1
1 98
1 99
0 8
0 53
0 98
1 61
1 80
0 60
1 98
1 3
1 39
1 55
0 8
0 6
1 11
0 48
0 26
0 9
0 92
1 45
0 80
1 72
1 48
1 94
1 67
0 83
1 65
1 89
1 20
1 81
0 73
1 41
1 19
0 99
1 44
1 31
1 44
1 59
0 24
1 22
TestCase-71
xgjqitjvemj
5 2
1 38
0 50
0 13
0 13
0 48
TestCase-72
qtbprvlxkkieudnogemksgnbizvdqftlmaeoleiflejwtkuk
9 2
0 59
1 94
1 95
1 67
1 96
0 52
1 85
1 12
1 8
TestCase-73
fytdfsfuygdpxxfvpwpytwpwldyzxgndwofqmcnifqkrmnu
82 2
1 35
1 30
1 26
1 77
1 32
1 30
1 58
1 28
0 21
1 17
1 83
0 30
0 97
1 62
1 67
1 59
1 18
0 59
1 10
1 8
0 81
0 98
1 54
0 36
0 4
1 21
0 98
1 31
0 41
0 36
1 76
1 11
1 76
1 37
1 87
0 72
0 11
1 42
0 53
0 44
1 13
0 18
1 35
0 3
0 67
0 35
0 42
0 83
0 39
0 92
1 96
0 36
1 67
0 94
1 17
1 84
0 34
0 17
1 73
0 4
1 75
1 52
1 59
1 1
1 100
0 4
0 7
0 62
1 87
0 82
1 69
1 15
1 70
0 47
0 100
0 67
1 97
1 91
0 19
1 80
1 73
1 82
TestCase-74
rjrmzprnritjlgxyilgucoxjicvzinzevpzpunjqzcozclbecfnooodmlicvjxeypifnswuwxfdmmnsz
67 2
0 56
1 80
1 82
0 47
0 54
0 34
0 23
1 20
0 99
0 85
1 92
1 70
0 63
0 17
0 87
0 63
0 40
0 66
1 1
0 76
1 54
1 10
0 82
1 36
1 60
1 47
0 7
1 86
0 39
0 46
0 31
1 48
1 7
0 62
1 65
1 86
1 42
1 31
1 80
1 86
0 59
1 11
0 42
1 98
0 86
1 49
1 9
0 2
0 98
1 99
1 61
1 45
1 49
1 85
0 10
1 2
0 69
1 48
1 98
1 70
1 13
1 41
0 81
1 46
1 26
0 14
1 60
TestCase-75
xbajiskyimhqwkdeuzquyjrtjnosmimzfohwwnyhrtgihyfcbowqigailobqmnsbdcclaqqsciapmpzblirrczavpwwzrrrwspvq
57 2
0 44
0 81
1 26
1 59
0 36
0 7
1 81
1 68
0 6
1 76
0 57
1 31
0 38
1 84
1 79
0 21
1 0
1 52
0 41
1 37
1 96
0 78
0 27
1 71
0 90
1 58
1 22
1 42
1 74
1 91
1 26
0 2
0 18
0 15
0 84
0 84
0 19
0 45
1 66
1 96
0 0
1 31
0 94
1 38
0 73
1 29
1 28
1 78
0 33
1 29
0 55
1 33
1 98
0 24
0 71
1 82
1 74
TestCase-76
rnfdqstsozkgaohc
83 2
0 40
1 40
1 73
0 75
1 50
0 67
0 1
0 86
0 42
1 52
0 64
0 26
1 1
0 19
0 20
0 21
1 89
0 67
1 100
1 23
0 39
1 52
1 69
1 7
0 68
1 32
1 13
1 1
0 54
0 3
0 30
0 55
0 16
0 77
0 36
1 86
0 10
0 52
1 29
0 25
1 40
1 94
0 53
1 67
1 6
1 31
1 68
0 98
0 96
0 99
1 11
0 60
1 72
0 89
1 10
1 8
0 80
1 50
1 35
1 66
1 18
0 34
0 28
0 87
0 67
0 20
1 45
0 50
0 90
0 12
0 90
0 32
1 28
0 57
0 65
1 12
1 36
0 6
1 67
0 87
1 70
0 36
1 96
TestCase-77
iarduavbmjtfewnvfyvibcjakpyblwnqcwewuxrmjsynhpvkwufxvilrpa
94 2
0 92
0 41
0 3
1 52
1 11
0 4
0 69
0 3
1 22
1 33
1 72
0 59
0 66
1 22
1 87
1 82
1 90
0 63
1 63
0 65
1 98
0 31
0 52
1 46
1 29
0 41
0 12
1 100
0 46
1 58
0 26
0 11
1 86
0 84
1 7
1 36
0 93
0 13
1 10
0 53
0 41
1 89
1 11
0 3
0 13
1 92
1 1
1 16
0 78
1 88
1 82
1 8
0 59
0 78
1 59
1 5
1 86
1 7
0 4
1 13
1 30
0 59
1 58
1 53
0 78
1 5
1 100
1 23
0 51
1 93
0 59
1 72
1 52
0 33
1 11
0 33
0 64
0 40
0 75
0 94
0 74
0 83
1 100
0 34
0 70
0 44
1 40
0 65
1 93
0 30
1 76
1 85
1 0
1 51
TestCase-78
rcswknnkdjnkxaornvajsjedjpmzvqknqekkkmsorxqwwnsftzrhkwxdpasfmybtmakcdvmiunvqhhzxurbhgfgoavxobikkumjo
65 2
1 46
0 20
1 49
0 32
0 60
1 28
1 52
1 82
0 20
0 47
1 71
0 3
0 13
0 88
0 18
1 65
1 85
0 71
0 26
1 3
1 96
0 39
1 22
0 2
1 10
0 71
0 80
1 17
1 86
1 46
0 43
1 12
1 7
0 32
1 78
0 50
1 36
0 68
0 46
1 95
0 48
0 37
1 41
1 22
0 49
1 6
1 71
0 32
0 18
0 8
0 83
0 25
0 3
1 25
1 20
1 58
1 1
1 49
1 25
1 61
1 21
1 5
1 33
0 26
0 91
TestCase-79
rrtmfpvqefbqgkweoqaleniaufesitwbukhltciejkocshwkamoswnqxzdgenvlgpbwgih
73 2
1 100
0 17
1 59
0 3
1 78
0 78
0 80
1 55
0 60
0 40
1 52
1 92
1 68
1 34
1 48
0 60
0 64
1 68
1 63
0 31
1 23
0 37
0 68
0 74
1 93
1 17
1 87
1 30
1 13
1 64
1 80
1 15
0 32
0 58
0 66
0 43
0 94
1 95
0 35
0 25
0 38
1 20
1 83
0 93
0 21
1 95
0 89
0 87
0 45
0 87
0 14
0 53
0 53
0 80
1 69
1 61
1 8
1 19
1 27
0 77
1 18
1 68
1 5
0 36
0 93
0 97
0 41
1 0
1 54
1 47
1 30
1 64
0 1
TestCase-80
gowcwrpsvnycvuntpsldxoagtljavuplecuukwgwjhdrgyxxywjidpclcknayvlximo
6 2
1 50
0 35
1 33
0 10
0 1
0 46
TestCase-81
naramoafmsetadlgvnuzxcwgmwtth
33 2
0 97
1 39
0 89
1 80
0 82
1 43
1 16
0 91
0 35
1 15
1 32
1 51
0 92
0 42
1 28
0 8
1 34
1 65
0 18
1 32
1 30
1 64
0 49
1 92
1 88
0 73
1 83
1 85
0 81
1 52
0 28
1 43
0 2
TestCase-82
ugbszexfenkvmayddyifuzfaxevmo
39 2
1 47
1 18
0 32
0 64
1 3
1 53
0 97
1 31
0 21
1 93
1 20
1 72
1 12
1 83
0 21
1 88
0 97
1 35
0 26
0 49
0 65
1 65
1 11
0 12
0 18
0 69
0 96
0 47
0 3
1 54
0 62
0 98
1 81
1 39
0 54
0 8
0 40
0 89
1 57
TestCase-83
demuwqmoxgumegqbjunucwbgnpjmxufjjeacbpgzshxhakxpxryfnjfiyubhphlbid
18 2
0 26
1 60
1 15
0 22
0 68
0 72
0 82
1 92
0 27
0 30
0 37
1 76
0 33
0 24
0 7
1 0
1 40
0 65
TestCase-84
zoohy
10 2
1 67
1 30
1 67
0 41
0 18
0 37
0 97
0 75
0 84
1 53
TestCase-85
upmehiyqjjcbvvfeawvxsbxvxeuroidmmyduwdgud
96 2
1 34
1 8
1 38
1 82
1 66
1 37
1 78
1 77
1 26
0 91
1 7
0 47
1 43
0 7
1 94
1 6
1 56
0 3
0 17
0 43
1 36
0 59
0 44
0 67
1 85
1 16
0 46
1 8
0 16
1 55
0 38
1 13
1 70
0 72
1 93
0 35
1 69
1 43
0 53
1 25
0 66
1 57
1 84
0 32
0 100
1 62
1 34
0 90
1 85
0 28
0 20
1 36
0 66
1 26
0 98
0 45
1 10
1 100
1 59
0 38
0 78
1 24
1 72
1 91
1 86
0 55
0 86
1 40
1 3
1 32
1 83
1 34
1 71
0 60
0 5
1 36
1 42
0 99
1 31
1 82
0 46
0 87
0 75
1 64
0 65
0 49
1 74
1 16
1 29
0 41
0 70
1 56
1 49
0 28
0 45
1 53
TestCase-86
mocyolaumyujfyxznbkpzdaqcntjhrkghmqvpabmqkkvisdyyyxfxmawecphnwpfxadgiqxjipdedzvievex
75 2
0 88
1 23
0 19
0 55
1 46
1 16
0 95
0 96
1 94
1 26
1 22
1 17
0 73
1 53
1 11
0 46
1 11
1 60
1 39
1 74
0 88
0 39
0 68
0 33
0 57
1 32
0 42
0 25
1 37
0 5
0 37
0 10
1 22
1 86
0 85
0 94
0 49
0 87
0 90
0 13
0 5
1 32
0 53
1 33
0 61
1 88
1 52
0 68
1 91
1 46
1 15
1 76
1 20
1 76
1 15
0 75
0 26
1 35
1 10
1 45
1 82
1 53
1 64
1 47
0 77
1 73
0 76
0 96
1 12
0 53
1 20
0 53
1 8
1 89
0 15
TestCase-87
xrqahzkectjtgsujsbuzumltwqdrcwjhoxxyrrjcqtwklrmijeermigtswsylywt
30 2
0 45
0 99
1 88
0 94
0 26
1 70
0 95
0 59
1 83
0 31
1 54
0 23
1 63
1 9
1 69
0 81
1 11
1 50
1 39
1 85
0 91
1 74
0 11
1 64
0 69
1 69
0 19
0 63
1 77
0 8
TestCase-88
nyegeoqulenicvyprnzknmjzasdrminamllbjfjnamruqlhn
22 2
1 53
1 20
1 2
1 0
0 79
0 27
0 35
0 7
0 6
1 92
0 90
0 28
1 19
1 80
1 31
0 38
0 34
1 60
1 31
0 9
1 41
1 67
TestCase-89
trfkzqbwwsecuqlhropnrx
8 2
0 33
1 21
1 76
1 6
0 55
0 37
1 88
0 13
TestCase-90
mzeitkodppnorkrlfukphfnjzsvsbgxbzlw
77 2
0 58
0 97
0 82
0 97
0 100
1 13
0 54
0 82
0 46
1 91
1 17
0 29
0 84
1 21
0 0
1 73
1 78
1 49
1 26
0 63
1 70
0 59
1 33
0 50
0 15
0 16
0 74
0 47
1 32
1 20
1 22
1 15
1 40
1 53
0 54
1 84
1 14
1 91
0 62
1 59
1 65
0 63
1 39
0 5
1 55
1 89
1 27
0 71
1 24
0 98
1 40
0 18
0 29
0 38
0 34
1 12
1 12
1 19
1 43
0 27
0 41
0 98
1 85
1 80
1 6
0 41
0 12
0 54
1 20
0 98
1 62
0 30
1 25
0 48
1 78
0 50
0 18
TestCase-91
ibsfgvqomjidir
49 2
1 5
1 7
1 58
0 85
0 52
0 38
0 29
1 63
0 53
1 68
1 42
1 47
1 97
0 54
1 85
1 16
1 75
1 81
1 86
1 85
1 83
0 99
1 82
0 37
1 95
1 80
0 47
1 32
1 1
0 93
1 94
1 21
1 69
1 48
0 50
0 6
1 35
1 9
0 96
0 35
0 82
1 15
0 36
1 66
0 75
1 93
1 17
0 17
0 34
TestCase-92
lomrhhiywhlocjdodgxkouffmjimkruwkdmgruakypkzgt
12 2
0 0
1 82
1 94
0 96
1 68
0 97
0 85
0 32
0 27
0 30
0 94
1 64
TestCase-93
alfdpjulrufhrleclhsa
27 2
1 73
1 3
0 70
1 38
1 58
0 94
1 19
0 17
1 37
1 64
1 81
0 53
0 56
1 81
0 90
0 12
1 83
0 14
1 25
1 88
1 48
0 95
1 64
0 48
1 71
1 8
0 96
TestCase-94
fhqpskukndnkeqnwhspuzimtvhweknyfgamfjgzfdbrgmseryctokuyzisayiwulhduqdakrbgbgrjsxutusstzzfavbjditcu
16 2
0 5
0 42
0 19
0 4
1 100
1 37
1 47
1 23
1 97
1 75
0 75
0 34
0 79
1 3
0 9
1 78
TestCase-95
krerdmidlnzyagefngtfhwgkkeizlgiyajxbtocsbcknuqtmparlwjsusbwlwrgilgqnirfuusojfqpfgrryjwnxkkjcvanu
13 2
0 46
0 25
1 42
0 19
1 66
1 72
0 63
0 14
1 33
0 23
1 13
0 2
0 98
TestCase-96
orqbwydnxzzdowklpcngfhigspoeykhmmnoqjalxmwiphqmmqlbbqgkmokvnbehatuzhwlhhtoouicknsbjjqkp
94 2
1 10
0 80
0 34
0 45
0 11
0 20
0 26
0 13
0 24
0 17
1 58
0 12
0 63
0 94
1 90
0 57
1 12
1 91
0 75
1 31
1 41
1 70
1 58
1 35
1 62
0 45
1 22
1 92
1 50
0 44
1 64
0 75
1 23
1 70
1 26
1 94
1 6
0 44
1 46
0 68
1 79
0 8
0 95
0 53
1 8
0 94
1 8
0 63
0 82
0 12
0 13
1 12
0 62
1 86
0 48
0 7
1 46
1 34
0 65
1 56
1 17
0 50
1 13
0 50
0 25
1 12
0 45
1 2
1 32
0 70
1 90
1 3
0 70
0 41
0 86
0 8
1 92
1 74
1 9
0 91
1 1
1 90
1 75
1 81
1 56
0 97
0 10
0 27
1 92
1 99
0 80
1 76
0 87
1 37
TestCase-97
oeqedssgxstnyxpwiobhza
56 2
0 92
1 69
1 23
0 47
1 7
1 51
0 10
1 71
0 42
0 99
1 23
0 51
1 2
1 80
0 11
0 47
1 34
1 56
1 1
0 20
0 86
0 26
0 4
0 37
0 40
0 21
1 87
0 19
0 61
0 85
0 58
0 17
0 19
1 31
1 55
1 13
1 49
0 5
0 57
0 6
1 51
1 51
0 44
0 2
1 81
0 21
0 47
1 63
1 8
0 16
0 59
0 98
1 59
0 37
1 25
0 9
TestCase-98
bpdewlkyaohponhdvvnpisbgfsryafudxqlzfrphrmr
35 2
0 54
1 63
0 86
1 0
0 65
1 75
1 46
1 71
0 31
1 77
0 35
1 43
0 39
1 5
1 52
1 51
0 82
0 77
0 48
0 56
0 17
1 0
1 25
0 35
1 61
1 88
0 54
1 74
0 72
0 36
0 29
1 65
0 14
0 26
1 82
TestCase-99
dhgsqajwsoqwhmqplwmnqtkglltajogspszjpkcuyxixmvinqtziwihfshfodrlqyswjoirmcdjuegwedeftsscfg
57 2
0 68
0 52
1 50
1 31
1 17
1 13
0 61
0 19
0 8
0 91
1 33
1 49
1 16
0 49
1 44
0 36
1 45
0 65
0 26
0 72
1 19
1 85
0 10
0 0
0 61
1 46
1 96
1 87
0 19
1 67
1 56
1 46
1 53
1 97
0 77
0 17
0 24
0 30
1 20
0 98
0 54
1 21
1 99
0 79
1 53
1 77
0 84
1 4
0 36
1 7
1 44
0 16
1 54
0 76
0 79
1 32
0 1
TestCase-100
xblnwwpjbeyreyvauoylsnyrxdjrkfxgbexyvlqgfnbpyigky
15 2
1 16
1 76
1 7
1 33
0 16
0 83
1 60
1 2
1 79
0 46
0 30
0 0
0 76
1 6
1 9
TestCase-101
a
4 2
0 1
1 1
0 2
1 3
TestCase-102
aaaaaaaaaaaaaaaaaaaaaaaaaaaaaaaaaaaaaaaaaaaaaaaaaaaaaaaaaaaaaaaaaaaaaaaaaaaaaaaaaaaaaaaaaaaaaaaaaaaa
1 2
0 100
TestCase-103
zzzzzzzzzzzzzzzzzzzzzzzzzzzzzzzzzzzzzzzzzzzzzzzzzzzzzzzzzzzzzzzzzzzzzzzzzzzzzzzzzzzzzzzzzzzzzzzzzzzz
1 2
1 100
TestCase-104
abcdabcdabcdabcdabcdabcdabcdabcdabcdabcdabcdabcdabcdabcdabcdabcdabcdabcdabcdabcdabcdabcdabcdabcdabcd
100 2
1 1
0 2
1 3
0 4
1 5
0 6
1 7
0 8
1 9
0 10
1 11
0 12
1 13
0 14
1 15
0 16
1 17
0 18
1 19
0 20
1 21
0 22
1 23
0 24
1 25
0 26
1 27
0 28
1 29
0 30
1 31
0 32
1 33
0 34
1 35
0 36
1 37
0 38
1 39
0 40
1 41
0 42
1 43
0 44
1 45
0 46
1 47
0 48
1 49
0 50
1 51
0 52
1 53
0 54
1 55
0 56
1 57
0 58
1 59
0 60
1 61
0 62
1 63
0 64
1 65
0 66
1 67
0 68
1 69
0 70
1 71
0 72
1 73
0 74
1 75
0 76
1 77
0 78
1 79
0 80
1 81
0 82
1 83
0 84
1 85
0 86
1 87
0 88
1 89
0 90
1 91
0 92
1 93
0 94
1 95
0 96
1 97
0 98
1 99
0 100
TestCase-105
xyz
2 2
1 2
0 1
TestCase-106
hello
2 2
0 3
1 2
TestCase-107
abcdef
4 2
1 1
0 2
1 3
0 1
TestCase-108
python
3 2
0 2
1 4
0 1
