121
TestCase-1
20 2
3 1
2 1
13 9
15 13
4 0
1 0
5 4
10 6
18 17
16 12
6 5
17 3
14 3
11 9
9 1
12 1
8 7
7 0
19 17
TestCase-2
34 2
12 7
2 0
8 1
1 0
16 6
33 8
32 18
10 9
23 18
3 0
19 11
24 18
5 3
13 2
20 14
22 17
30 1
15 12
25 23
4 3
29 1
28 4
21 6
11 3
6 1
27 15
14 9
17 6
7 6
18 4
31 16
9 1
26 4
TestCase-3
31 2
8 7
22 20
18 13
27 17
4 2
7 0
14 10
17 16
12 6
30 10
21 2
26 1
29 6
25 6
10 1
13 1
1 0
16 9
15 6
24 17
3 2
5 4
11 3
28 13
20 18
6 3
9 7
2 0
23 12
19 15
TestCase-4
41 2
2 1
38 19
3 1
6 5
33 29
24 4
31 8
12 3
16 1
13 12
34 12
39 25
37 15
32 0
25 19
5 1
18 4
17 4
11 10
7 4
40 27
26 3
1 0
28 27
30 28
35 26
21 6
15 8
8 4
4 3
23 7
27 7
10 0
9 1
36 11
19 8
29 5
20 9
14 1
22 18
TestCase-5
7 2
6 1
1 0
2 0
5 0
4 1
3 1
TestCase-6
29 2
21 19
1 0
3 1
9 3
5 0
10 5
2 1
4 2
13 12
6 1
12 8
26 1
8 5
27 4
7 1
17 15
28 17
14 3
16 4
23 22
18 8
15 14
24 20
20 11
11 4
22 8
19 7
25 10
TestCase-7
36 2
12 0
26 9
20 6
32 23
3 1
29 21
7 2
28 14
30 5
27 1
6 0
10 2
15 2
24 5
9 4
16 13
11 0
19 13
17 11
4 2
2 0
22 3
13 8
23 14
21 4
33 17
8 2
31 16
25 8
5 1
18 16
35 34
14 4
34 20
1 0
TestCase-8
23 2
15 6
2 0
20 16
1 0
7 3
6 0
4 2
16 14
11 3
21 18
5 1
18 0
13 1
22 15
9 8
10 4
3 1
19 0
8 0
14 6
12 9
17 6
TestCase-9
19 2
8 6
9 4
12 0
11 8
1 0
4 3
7 5
15 11
5 2
17 4
13 6
16 6
18 1
6 3
3 1
2 0
10 4
14 1
TestCase-10
35 2
19 9
3 1
10 2
30 24
4 2
22 4
21 5
24 3
11 10
9 7
34 33
20 6
5 1
2 0
26 6
15 8
12 2
32 11
33 32
8 0
16 15
31 21
17 11
23 22
18 9
7 4
25 7
13 6
29 14
14 8
28 1
6 1
27 2
1 0
TestCase-11
50 2
28 1
48 21
5 1
9 6
47 32
15 4
46 42
20 13
3 1
30 17
24 0
33 24
41 31
11 8
40 9
14 7
25 7
26 10
18 5
43 35
32 8
34 14
35 10
45 4
29 21
13 8
39 30
27 16
17 5
23 14
7 1
49 6
37 27
10 3
21 11
22 10
44 41
31 16
8 5
6 0
1 0
38 17
36 11
42 26
12 5
16 12
4 3
2 0
19 4
TestCase-12
2 2
1 0
TestCase-13
40 2
11 9
19 11
31 26
32 12
34 9
20 12
36 13
22 20
9 5
29 23
30 15
10 1
3 0
17 14
38 19
4 2
12 5
8 3
28 12
33 12
2 1
7 4
39 6
6 5
13 5
26 5
16 15
24 12
37 18
21 9
5 2
35 6
18 9
1 0
23 4
15 2
14 12
25 8
27 21
TestCase-14
48 2
4 3
43 15
41 15
21 10
44 1
26 14
2 1
34 21
12 8
13 5
8 3
5 4
36 30
6 5
10 8
17 11
37 18
39 3
1 0
19 8
3 0
33 3
18 17
22 1
9 7
27 26
24 17
38 15
35 11
20 4
28 1
46 12
29 5
7 1
30 15
11 1
16 14
40 15
14 6
32 4
15 9
25 11
45 28
47 17
23 22
31 16
42 25
TestCase-15
2 2
1 0
TestCase-16
6 2
4 3
3 0
1 0
2 0
5 3
TestCase-17
24 2
18 14
12 2
15 4
3 2
21 1
7 3
16 8
9 5
17 14
1 0
22 5
4 2
13 0
8 4
10 7
11 0
5 0
23 4
14 10
6 3
2 0
19 7
20 6
TestCase-18
22 2
17 4
21 19
10 0
6 3
1 0
18 15
12 4
8 3
11 7
7 1
15 13
13 0
20 2
9 6
2 0
16 13
5 4
19 11
14 10
3 0
4 1
TestCase-19
45 2
37 4
4 1
42 7
43 23
14 13
1 0
38 19
39 28
40 37
7 2
22 1
21 8
5 2
32 4
33 23
2 1
36 16
23 19
29 26
3 2
27 18
9 3
6 4
30 23
16 6
25 3
13 3
28 1
8 7
24 13
18 5
19 1
31 6
26 10
17 11
11 0
20 4
44 24
12 10
15 0
10 1
34 9
41 8
35 10
TestCase-20
37 2
14 3
7 4
23 18
18 7
28 19
21 9
10 4
6 2
20 11
33 28
12 10
3 1
27 21
36 14
15 14
24 22
8 4
34 24
1 0
35 4
25 5
2 1
4 3
9 7
32 0
22 0
17 11
29 28
13 12
31 14
19 8
11 4
16 13
30 22
5 3
26 20
TestCase-21
27 2
4 1
2 0
14 6
18 2
3 0
7 1
23 18
5 0
6 5
16 8
25 19
1 0
24 7
21 8
20 11
19 11
26 6
8 6
11 6
22 11
10 3
15 9
9 2
17 1
13 1
12 7
TestCase-22
39 2
13 6
1 0
37 19
2 1
38 15
16 13
33 24
10 1
18 4
29 15
14 10
26 11
12 1
20 1
27 3
34 24
21 9
35 34
28 19
30 21
7 6
36 35
6 5
11 5
9 7
24 16
4 2
23 2
17 13
25 10
19 17
5 2
3 0
8 6
31 28
32 22
15 12
22 1
TestCase-23
50 2
22 0
7 1
27 10
40 10
25 3
14 13
30 13
6 5
24 15
2 1
18 2
23 10
49 28
39 24
31 19
37 35
43 4
8 3
38 35
29 1
1 0
17 10
26 19
36 13
35 26
33 30
45 25
4 0
15 6
21 16
42 0
9 0
3 2
32 24
41 20
47 0
16 13
13 8
19 14
10 8
48 5
12 10
28 27
11 8
34 30
5 1
20 7
44 9
46 37
TestCase-24
9 2
7 0
3 0
8 1
5 3
4 0
1 0
2 1
6 4
TestCase-25
11 2
1 0
5 3
3 2
4 0
10 1
8 6
7 2
9 4
6 3
2 0
TestCase-26
22 2
19 15
16 8
3 1
2 1
21 15
1 0
7 0
20 17
12 1
15 0
17 5
6 3
4 2
8 3
13 10
14 9
9 7
11 8
18 1
5 1
10 8
TestCase-27
32 2
17 3
26 25
15 13
29 3
12 0
11 7
16 13
8 2
31 16
22 3
30 29
28 18
24 0
5 0
2 0
23 1
9 5
7 2
27 4
18 10
20 4
6 2
14 7
10 6
21 2
4 3
13 8
25 5
19 0
1 0
3 2
TestCase-28
50 2
6 0
28 21
15 14
40 32
7 6
11 9
37 10
42 33
33 2
17 7
14 12
10 7
46 20
48 42
4 2
16 11
34 32
19 17
3 2
2 1
49 28
27 1
18 4
29 7
30 1
39 29
35 31
9 8
13 12
23 7
5 0
38 19
20 3
41 11
47 6
8 7
22 1
1 0
12 1
36 17
43 0
21 13
32 6
44 41
25 5
26 3
45 33
24 21
31 17
TestCase-29
16 2
3 2
8 1
7 2
12 9
1 0
6 5
2 0
15 5
13 2
9 3
5 1
10 1
4 2
14 8
11 7
TestCase-30
21 2
11 9
18 9
16 4
12 9
15 5
5 2
8 2
2 0
14 0
4 0
7 3
9 7
19 9
6 2
20 0
10 1
3 2
1 0
17 1
13 9
TestCase-31
6 2
3 0
4 2
1 0
2 1
5 0
TestCase-32
30 2
6 0
19 14
11 9
23 17
3 2
27 20
16 5
7 4
14 10
2 1
13 6
12 7
20 7
22 14
26 22
4 0
10 9
28 1
9 5
25 9
1 0
21 17
15 7
18 4
17 1
8 3
24 0
5 4
29 10
TestCase-33
40 2
2 0
35 3
18 16
36 15
9 4
31 18
15 5
6 1
22 5
4 2
38 11
8 3
39 14
24 0
29 2
5 1
3 2
23 4
26 22
21 7
20 4
10 9
28 26
13 7
32 30
11 4
14 9
16 0
33 23
25 3
7 1
37 36
1 0
19 6
34 26
17 2
30 7
27 26
12 0
TestCase-34
34 2
12 11
26 10
28 23
31 10
7 4
33 21
23 6
10 5
22 12
11 2
19 4
8 4
32 19
27 4
9 6
4 2
13 12
5 3
1 0
15 12
24 21
29 20
21 10
6 2
17 2
2 1
18 7
25 10
20 18
3 1
16 0
30 26
14 9
TestCase-35
20 2
18 4
8 3
10 3
17 5
15 14
9 8
16 3
12 10
13 7
11 4
5 1
3 2
2 0
4 2
7 2
1 0
19 10
6 4
14 1
TestCase-36
33 2
24 9
28 0
31 28
12 4
22 18
23 2
4 2
6 5
29 19
14 3
2 0
17 9
1 0
7 0
15 5
19 15
18 3
9 4
8 3
20 7
26 22
21 10
16 14
27 17
10 3
3 0
13 8
32 5
25 10
5 1
11 6
30 5
TestCase-37
49 2
9 7
43 12
21 13
3 0
33 14
23 7
28 27
37 24
47 26
31 30
44 35
15 9
34 15
46 2
8 0
42 28
20 19
27 18
14 13
16 2
24 0
10 9
1 0
17 2
18 9
2 0
26 15
29 3
11 10
40 10
30 24
32 23
36 19
25 12
19 15
5 2
41 23
7 6
45 34
35 22
12 4
4 1
48 29
22 15
39 13
13 3
38 24
6 0
TestCase-38
28 2
15 4
4 3
2 1
17 15
9 1
5 1
25 4
20 0
10 3
12 5
8 0
18 8
3 0
1 0
6 1
27 11
26 21
14 4
19 3
22 9
23 16
13 9
21 11
24 13
11 2
16 3
7 4
TestCase-39
6 2
4 3
2 0
1 0
5 0
3 0
TestCase-40
27 2
2 0
19 10
17 1
7 5
6 1
16 0
9 8
10 3
12 7
24 12
20 13
25 7
21 3
5 4
8 0
11 1
18 16
14 9
1 0
3 1
13 7
23 3
4 0
26 5
22 17
15 8
TestCase-41
22 2
12 8
4 1
20 10
13 0
18 8
15 10
3 2
19 0
2 0
5 4
1 0
14 9
10 1
9 5
21 11
6 0
17 8
16 0
8 6
11 2
7 0
TestCase-42
24 2
16 12
9 2
6 1
10 6
14 6
22 5
23 21
13 12
17 2
15 1
3 2
8 7
21 15
7 4
2 0
12 2
20 15
4 0
11 9
19 6
5 0
1 0
18 8
TestCase-43
45 2
35 13
30 18
4 1
34 18
28 2
36 3
7 5
23 15
33 14
11 7
41 36
14 11
13 2
17 0
25 11
43 1
8 5
19 9
38 19
26 5
21 4
29 6
1 0
3 2
2 0
10 4
5 0
18 10
37 15
40 3
39 28
32 31
44 9
24 9
27 1
22 18
12 6
6 5
15 1
9 1
31 30
16 1
20 16
42 14
TestCase-44
40 2
39 35
34 0
31 15
28 23
2 0
18 8
17 9
6 5
22 6
5 1
7 2
35 23
13 11
33 8
21 11
3 0
9 7
19 10
12 0
29 19
4 3
23 13
11 3
27 25
26 15
24 22
32 18
37 23
30 26
20 11
25 19
10 6
16 12
15 6
8 2
36 26
38 13
14 0
1 0
TestCase-45
5 2
3 0
4 3
1 0
2 1
TestCase-46
46 2
2 0
1 0
6 2
44 23
38 16
24 22
18 6
33 17
20 3
11 4
41 34
7 4
35 20
43 0
8 5
28 0
29 10
27 13
16 3
32 26
14 6
36 27
31 24
12 2
30 4
21 9
26 4
34 9
10 5
23 20
4 1
40 1
45 26
22 0
17 16
19 13
25 10
42 27
9 2
5 3
15 2
37 33
3 1
39 8
13 0
TestCase-47
4 2
3 2
1 0
2 0
TestCase-48
24 2
11 10
20 15
23 11
21 18
7 1
2 0
8 0
22 0
9 2
16 8
4 0
12 6
19 8
5 1
6 0
3 0
14 11
10 6
1 0
15 13
17 13
13 4
18 13
TestCase-49
44 2
19 17
16 11
22 18
8 6
6 4
1 0
42 2
13 0
28 16
35 22
30 16
38 35
15 8
14 9
41 36
26 24
3 1
43 24
9 2
10 3
24 16
39 35
4 1
37 33
31 15
11 2
18 16
20 16
12 9
21 4
5 2
40 8
27 21
25 2
2 1
33 31
29 15
34 13
36 2
32 25
7 5
23 8
17 13
TestCase-50
32 2
25 8
29 8
14 10
21 16
17 2
2 0
18 3
3 0
1 0
22 4
5 1
28 3
8 3
20 14
6 2
30 12
12 9
16 2
11 3
19 10
24 10
10 4
4 2
13 7
31 6
23 11
26 19
27 24
9 4
7 5
15 10
TestCase-51
21 2
13 10
16 6
11 2
1 0
9 3
7 3
15 9
12 6
18 4
8 7
2 0
3 0
20 10
19 7
14 9
4 3
5 2
17 2
6 3
10 8
TestCase-52
26 2
4 2
12 0
1 0
25 23
21 12
2 1
13 0
10 2
6 2
16 14
11 10
8 4
19 18
17 0
24 22
3 0
18 10
20 3
14 4
9 1
23 1
7 5
22 16
15 5
5 4
TestCase-53
20 2
1 0
18 10
13 5
5 1
10 6
7 0
11 4
12 1
17 15
9 8
8 1
19 9
15 8
4 0
16 9
3 1
2 0
14 8
6 0
TestCase-54
3 2
1 0
2 1
TestCase-55
46 2
25 12
3 0
12 7
39 34
19 11
7 6
1 0
42 13
23 16
30 5
24 21
5 1
44 25
29 9
22 19
33 15
31 17
38 29
11 2
8 7
41 17
17 15
13 5
16 10
37 30
4 1
36 12
15 1
43 1
27 11
9 4
34 32
18 11
14 12
40 22
20 8
32 3
35 7
28 25
45 5
2 1
21 16
26 5
6 5
10 2
TestCase-56
2 2
1 0
TestCase-57
46 2
29 25
26 18
38 25
22 15
36 0
17 7
18 13
3 0
13 7
30 6
42 31
32 13
9 8
27 8
25 16
34 0
11 4
44 43
37 35
45 38
39 0
8 2
1 0
35 23
12 1
15 4
43 30
21 1
4 2
24 22
5 2
10 0
2 0
14 11
40 0
28 2
41 37
33 11
19 3
6 5
7 6
23 16
20 13
16 2
31 21
TestCase-58
8 2
4 2
7 6
5 0
2 0
3 2
1 0
6 0
TestCase-59
6 2
4 0
5 0
1 0
3 2
2 0
TestCase-60
24 2
21 0
9 4
2 1
22 16
8 5
10 2
1 0
23 6
11 5
4 0
19 15
18 3
16 3
17 10
15 8
5 4
7 2
20 9
14 7
12 9
6 2
3 0
13 3
TestCase-61
46 2
32 2
41 26
42 26
28 10
17 9
26 9
16 11
24 14
5 3
21 15
35 6
33 30
25 3
9 6
14 4
22 6
7 0
27 19
43 32
1 0
36 0
23 6
10 8
18 2
31 13
29 6
34 5
12 11
3 0
45 40
13 11
4 1
6 4
30 8
19 2
15 6
44 33
8 2
20 2
39 25
37 20
40 25
2 1
11 10
38 7
TestCase-62
49 2
5 1
13 10
31 16
41 18
8 6
19 12
23 16
44 6
30 9
6 3
38 11
25 9
32 16
22 11
35 1
21 6
9 1
43 10
37 35
33 0
28 0
27 18
11 6
3 2
42 26
20 5
36 10
29 7
2 1
4 0
47 21
46 15
12 0
16 15
24 3
26 25
48 1
39 32
7 5
10 0
17 3
1 0
34 31
40 38
18 16
14 6
15 0
45 3
TestCase-63
20 2
16 1
12 7
17 0
13 9
10 1
14 3
4 3
1 0
6 1
5 1
9 5
15 5
2 0
18 17
8 1
19 17
7 6
11 1
3 2
TestCase-64
45 2
39 33
44 4
17 5
7 5
20 3
11 6
1 0
6 5
24 19
22 11
27 17
2 1
29 7
3 0
12 5
40 9
4 0
34 3
5 3
36 35
37 7
35 17
26 15
10 2
13 5
38 33
41 6
25 10
32 7
19 4
9 5
8 6
28 9
21 20
33 11
23 9
31 2
15 9
14 2
30 16
18 6
43 26
42 14
16 5
TestCase-65
31 2
25 19
3 2
10 3
28 0
6 0
16 12
8 1
9 2
22 20
26 11
17 0
2 1
27 17
4 0
24 22
12 1
20 10
11 6
5 0
23 14
7 4
29 26
13 9
1 0
18 9
14 6
19 18
15 13
30 4
21 12
TestCase-66
16 2
10 5
9 6
6 4
5 1
13 11
2 1
15 13
8 2
4 3
11 6
1 0
7 1
12 2
14 13
3 0
TestCase-67
39 2
29 4
14 7
8 1
21 19
34 33
6 0
26 11
15 13
1 0
12 6
32 5
28 0
16 8
2 0
23 4
35 23
38 13
13 0
24 12
18 0
19 14
36 24
27 17
10 6
3 0
20 11
4 3
22 6
33 15
9 8
31 21
5 4
7 2
37 23
25 1
17 13
30 22
11 0
TestCase-68
33 2
21 1
13 1
19 6
32 18
26 21
22 2
24 14
7 0
29 20
5 4
1 0
9 0
2 0
14 11
18 15
23 22
16 4
8 0
30 21
17 9
28 14
20 19
4 0
10 4
6 3
11 1
25 2
31 26
27 11
3 2
12 6
15 12
TestCase-69
4 2
1 0
2 0
3 2
TestCase-70
29 2
4 1
7 4
2 0
16 2
12 7
21 2
15 0
6 1
20 1
28 9
24 8
22 21
5 2
9 1
19 9
26 23
3 2
17 1
23 7
27 16
13 5
18 9
25 7
10 3
14 3
1 0
11 7
8 1
TestCase-71
7 2
4 3
3 2
6 0
1 0
2 0
5 2
TestCase-72
29 2
28 9
25 14
24 18
20 18
16 1
3 0
8 5
7 4
17 0
11 6
19 16
14 5
27 7
1 0
26 15
15 4
23 21
5 3
10 3
13 11
9 4
6 1
4 2
21 6
22 1
12 5
18 14
2 0
TestCase-73
15 2
5 2
14 4
12 0
3 0
4 1
13 8
7 6
6 2
2 1
9 0
11 3
8 0
10 8
1 0
TestCase-74
43 2
16 7
28 14
11 4
10 6
42 25
25 5
36 13
40 35
33 19
30 17
18 16
31 2
24 19
21 7
15 10
12 6
38 27
32 14
20 16
1 0
4 1
7 0
35 22
19 7
8 1
39 10
13 1
17 2
27 22
29 16
41 24
22 1
6 5
26 5
34 23
3 1
14 11
5 0
23 3
2 0
9 6
37 24
TestCase-75
30 2
1 0
26 24
13 9
17 0
29 17
18 7
20 11
12 7
14 3
25 21
6 2
4 0
5 1
8 4
7 3
3 2
15 12
16 11
23 1
24 12
27 1
19 5
2 1
28 22
22 15
11 0
10 9
21 18
9 8
TestCase-76
23 2
16 8
21 12
20 13
13 1
3 0
15 7
5 4
17 13
19 14
14 5
7 5
12 8
6 0
2 1
1 0
4 0
22 21
8 7
10 6
18 13
11 2
9 8
TestCase-77
15 2
3 0
9 4
1 0
6 3
4 3
12 9
13 11
2 0
7 4
11 10
10 7
14 8
8 1
5 3
TestCase-78
8 2
5 1
2 1
7 5
6 4
1 0
4 3
3 0
TestCase-79
27 2
14 9
5 0
20 16
2 0
21 5
23 1
9 2
22 15
7 4
15 12
13 3
11 7
16 12
19 13
12 0
26 19
25 2
1 0
17 0
24 7
4 0
6 4
8 4
10 3
18 4
3 2
TestCase-80
50 2
31 1
27 20
35 32
19 8
18 16
46 8
8 7
41 6
24 5
39 8
28 12
29 4
5 1
21 13
44 25
26 22
2 0
42 18
23 4
22 16
47 32
7 6
48 39
17 11
11 0
30 10
37 16
43 40
14 1
32 14
34 20
16 1
45 19
12 2
3 0
10 8
9 2
15 9
36 29
13 12
38 0
20 16
49 16
25 19
1 0
6 4
4 3
33 20
40 33
TestCase-81
50 2
34 20
21 2
4 0
13 8
2 1
45 6
32 2
3 0
23 12
18 0
10 1
41 22
22 15
12 1
30 1
44 21
14 5
39 14
27 4
28 8
38 10
6 2
20 2
42 30
48 34
47 40
49 12
16 11
31 18
46 43
11 9
33 25
8 5
19 5
25 14
35 23
1 0
29 25
43 1
7 4
15 2
26 19
37 11
36 18
24 14
5 0
40 2
17 9
9 8
TestCase-82
23 2
16 7
12 7
15 6
9 2
22 11
2 0
5 0
4 1
14 5
6 5
17 1
8 4
18 10
20 0
13 2
11 9
1 0
19 6
3 2
10 5
21 20
7 2
TestCase-83
9 2
2 0
3 2
5 4
6 5
1 0
7 2
4 3
8 3
TestCase-84
35 2
8 2
30 13
32 13
24 17
29 24
6 2
14 4
7 2
4 3
3 0
15 5
1 0
23 15
9 4
5 3
25 17
28 0
31 17
34 0
13 2
19 14
12 7
26 0
21 19
18 9
33 4
20 5
10 6
11 0
22 3
17 0
2 1
16 4
27 16
TestCase-85
44 2
1 0
11 5
29 10
32 28
35 6
16 12
30 29
10 0
25 20
23 13
7 6
17 16
4 3
42 19
39 34
40 10
15 6
18 9
28 25
22 1
21 0
38 15
41 2
33 28
12 6
13 8
6 3
34 9
20 6
9 1
27 13
24 3
37 2
19 3
31 21
8 5
5 1
36 33
14 1
26 9
2 1
43 32
3 1
TestCase-86
35 2
27 12
34 8
4 0
13 11
28 12
22 15
24 0
15 0
2 1
12 0
23 14
29 8
7 0
30 15
25 3
16 2
14 9
1 0
11 8
31 1
33 25
19 12
3 2
10 3
8 5
20 12
32 27
18 9
9 7
17 7
5 3
21 20
6 0
26 13
TestCase-87
30 2
13 11
2 1
18 11
3 0
19 15
9 2
12 9
23 11
22 4
16 11
28 6
14 10
20 5
6 2
10 3
15 6
1 0
26 0
24 7
8 6
5 3
7 6
25 4
29 10
27 24
21 10
4 1
11 7
17 15
TestCase-88
12 2
2 1
9 0
4 0
7 0
6 4
1 0
10 2
5 2
11 10
8 4
3 0
TestCase-89
38 2
15 12
23 5
28 10
13 10
30 1
9 8
18 11
29 0
3 1
35 20
37 25
21 15
32 9
33 9
19 14
1 0
7 5
12 4
27 20
17 13
22 7
5 2
11 0
36 20
4 0
34 28
16 15
26 18
24 5
6 4
25 0
14 13
8 4
10 5
2 1
20 3
31 2
TestCase-90
13 2
2 0
7 3
9 2
1 0
5 3
11 6
12 6
3 2
8 7
6 0
10 9
4 3
TestCase-91
23 2
8 5
12 2
19 17
1 0
9 2
21 20
13 8
16 6
15 1
5 3
20 12
6 1
14 6
10 8
18 9
2 1
3 2
4 2
7 2
11 4
22 13
17 1
TestCase-92
30 2
21 9
12 7
8 6
11 5
2 0
19 18
14 8
16 0
28 9
9 5
29 7
4 0
5 4
17 15
3 1
23 4
20 15
27 4
13 7
18 9
1 0
22 7
15 9
24 15
25 0
10 3
6 5
7 0
26 8
TestCase-93
5 2
1 0
4 0
2 0
3 0
TestCase-94
2 2
1 0
TestCase-95
44 2
33 8
42 17
27 9
34 30
39 24
29 4
4 2
17 8
10 6
23 8
30 7
13 11
43 41
26 24
28 12
9 3
21 16
32 9
25 12
18 5
8 2
2 1
19 7
7 4
35 32
16 10
14 1
11 8
40 5
41 14
37 30
22 2
24 5
3 1
31 27
20 10
38 9
15 1
5 2
1 0
6 4
12 2
36 30
TestCase-96
30 2
10 3
22 12
1 0
14 4
12 7
17 5
13 10
3 0
15 13
6 4
26 5
29 16
8 2
5 1
27 17
24 1
28 13
20 13
23 12
7 3
2 0
16 7
19 2
25 18
21 18
9 3
4 1
11 8
18 17
TestCase-97
47 2
10 3
28 22
41 10
43 30
29 14
39 29
33 12
27 9
9 7
25 12
20 19
32 23
35 7
14 7
38 16
4 2
2 0
31 27
37 19
44 11
7 3
21 11
8 2
16 11
45 29
23 21
40 39
36 15
3 2
13 10
34 4
11 9
15 4
19 17
26 12
30 16
22 1
12 2
1 0
6 4
46 3
24 11
42 30
17 2
5 4
18 4
TestCase-98
34 2
31 1
18 2
10 0
9 2
5 3
14 12
24 10
25 18
2 0
7 0
21 16
1 0
26 20
8 4
22 6
16 4
30 16
6 5
20 18
12 11
19 9
33 29
3 0
32 8
23 13
17 11
11 0
13 11
4 3
28 22
29 10
27 12
15 11
TestCase-99
50 2
35 16
37 18
42 15
33 17
25 15
10 2
23 4
7 4
26 17
39 27
49 38
31 17
38 13
43 40
4 3
8 4
9 5
30 29
19 5
6 4
12 6
2 0
17 14
3 2
24 7
34 22
16 5
44 23
5 1
22 14
46 45
27 6
29 19
47 6
28 13
11 1
48 30
15 8
32 29
14 0
40 6
41 10
36 11
13 9
20 1
45 21
18 5
21 9
1 0
TestCase-100
16 2
9 2
13 8
4 1
1 0
8 4
2 0
3 2
11 7
12 4
14 2
5 2
6 0
15 12
7 4
10 1
TestCase-101
10 2
1 0
2 1
3 2
4 3
5 4
6 5
7 6
8 7
9 8
TestCase-102
10 2
1 0
2 0
3 0
4 0
5 0
6 0
7 0
8 0
9 0
TestCase-103
10 2
1 0
2 0
3 1
4 1
5 2
6 2
7 3
8 3
9 4
TestCase-104
20 2
1 0
2 1
3 2
4 3
5 4
6 5
7 6
8 7
9 8
10 9
11 10
12 11
13 12
14 13
15 14
16 15
17 16
18 17
19 18
TestCase-105
20 2
1 0
2 0
3 0
4 0
5 0
6 0
7 0
8 0
9 0
10 0
11 0
12 0
13 0
14 0
15 0
16 0
17 0
18 0
19 0
TestCase-106
20 2
1 0
2 0
3 1
4 1
5 2
6 2
7 3
8 3
9 4
10 4
11 5
12 5
13 6
14 6
15 7
16 7
17 8
18 8
19 9
TestCase-107
30 2
1 0
2 1
3 2
4 3
5 4
6 5
7 6
8 7
9 8
10 9
11 10
12 11
13 12
14 13
15 14
16 15
17 16
18 17
19 18
20 19
21 20
22 21
23 22
24 23
25 24
26 25
27 26
28 27
29 28
TestCase-108
30 2
1 0
2 0
3 0
4 0
5 0
6 0
7 0
8 0
9 0
10 0
11 0
12 0
13 0
14 0
15 0
16 0
17 0
18 0
19 0
20 0
21 0
22 0
23 0
24 0
25 0
26 0
27 0
28 0
29 0
TestCase-109
30 2
1 0
2 0
3 1
4 1
5 2
6 2
7 3
8 3
9 4
10 4
11 5
12 5
13 6
14 6
15 7
16 7
17 8
18 8
19 9
20 9
21 10
22 10
23 11
24 11
25 12
26 12
27 13
28 13
29 14
TestCase-110
40 2
1 0
2 1
3 2
4 3
5 4
6 5
7 6
8 7
9 8
10 9
11 10
12 11
13 12
14 13
15 14
16 15
17 16
18 17
19 18
20 19
21 20
22 21
23 22
24 23
25 24
26 25
27 26
28 27
29 28
30 29
31 30
32 31
33 32
34 33
35 34
36 35
37 36
38 37
39 38
TestCase-111
40 2
1 0
2 0
3 0
4 0
5 0
6 0
7 0
8 0
9 0
10 0
11 0
12 0
13 0
14 0
15 0
16 0
17 0
18 0
19 0
20 0
21 0
22 0
23 0
24 0
25 0
26 0
27 0
28 0
29 0
30 0
31 0
32 0
33 0
34 0
35 0
36 0
37 0
38 0
39 0
TestCase-112
40 2
1 0
2 0
3 1
4 1
5 2
6 2
7 3
8 3
9 4
10 4
11 5
12 5
13 6
14 6
15 7
16 7
17 8
18 8
19 9
20 9
21 10
22 10
23 11
24 11
25 12
26 12
27 13
28 13
29 14
30 14
31 15
32 15
33 16
34 16
35 17
36 17
37 18
38 18
39 19
TestCase-113
50 2
1 0
2 1
3 2
4 3
5 4
6 5
7 6
8 7
9 8
10 9
11 10
12 11
13 12
14 13
15 14
16 15
17 16
18 17
19 18
20 19
21 20
22 21
23 22
24 23
25 24
26 25
27 26
28 27
29 28
30 29
31 30
32 31
33 32
34 33
35 34
36 35
37 36
38 37
39 38
40 39
41 40
42 41
43 42
44 43
45 44
46 45
47 46
48 47
49 48
TestCase-114
50 2
1 0
2 0
3 0
4 0
5 0
6 0
7 0
8 0
9 0
10 0
11 0
12 0
13 0
14 0
15 0
16 0
17 0
18 0
19 0
20 0
21 0
22 0
23 0
24 0
25 0
26 0
27 0
28 0
29 0
30 0
31 0
32 0
33 0
34 0
35 0
36 0
37 0
38 0
39 0
40 0
41 0
42 0
43 0
44 0
45 0
46 0
47 0
48 0
49 0
TestCase-115
50 2
1 0
2 0
3 1
4 1
5 2
6 2
7 3
8 3
9 4
10 4
11 5
12 5
13 6
14 6
15 7
16 7
17 8
18 8
19 9
20 9
21 10
22 10
23 11
24 11
25 12
26 12
27 13
28 13
29 14
30 14
31 15
32 15
33 16
34 16
35 17
36 17
37 18
38 18
39 19
40 19
41 20
42 20
43 21
44 21
45 22
46 22
47 23
48 23
49 24
TestCase-116
2 2
1 0
TestCase-117
50 2
5 4
29 6
46 40
33 3
28 24
20 17
48 39
45 7
37 19
3 0
35 12
18 4
30 19
26 9
42 23
41 0
40 2
11 1
22 11
14 0
32 6
39 18
6 3
31 25
43 38
7 2
17 1
23 0
19 15
24 6
21 14
8 6
16 8
49 28
15 8
1 0
10 8
13 8
27 20
47 32
25 18
44 25
38 27
36 12
12 3
2 1
34 15
9 6
4 1
TestCase-118
2 2
1 0
TestCase-119
4 2
1 0
2 1
3 2
TestCase-120
5 2
1 0
2 0
3 2
4 2
TestCase-121
6 2
1 0
2 0
3 1
4 1
5 2