110
TestCase-1
64
7 51 61 62 128 161 182 206 240 262 266 286 306 308 320 326 339 415 456 462 608 615 615 615 615 615 615 615 615 615 615 615 615 615 615 615 615 615 615 615 615 615 615 615 630 657 659 664 715 721 725 726 737 774 804 810 823 827 860 891 910 940 951 987
615
TestCase-2
58
4 22 32 119 124 130 144 154 165 202 205 210 235 250 283 295 301 306 310 328 335 341 345 375 395 403 411 427 429 437 458 494 504 523 536 540 541 562 563 595 597 603 616 621 624 638 642 720 726 734 753 755 846 896 901 906 911 975
523
TestCase-3
58
52 67 95 102 104 118 138 196 214 245 254 305 306 338 363 367 418 423 455 455 455 455 455 455 455 455 455 455 455 455 455 455 455 455 455 455 455 455 455 455 491 526 592 606 647 664 666 695 749 814 881 886 892 894 922 932 937 947
455
TestCase-4
4
192 606 780 827
606
TestCase-5
29
169 242 258 264 275 331 382 450 519 540 540 540 540 540 540 540 540 540 540 540 586 594 632 659 691 712 771 898 951
540
TestCase-6
43
59 71 90 121 128 144 145 149 154 200 249 275 276 333 358 359 393 416 421 445 496 508 541 551 574 586 611 635 683 816 828 829 858 868 870 884 898 904 914 933 954 983 991
128
TestCase-7
43
1 39 108 197 199 353 362 378 459 495 521 593 623 627 638 638 638 638 638 638 638 638 638 638 638 638 638 638 638 638 655 705 714 752 766 806 841 891 914 917 929 953 999
638
TestCase-8
43
54 60 90 110 142 148 158 187 221 222 295 314 315 320 329 346 390 404 406 442 444 596 596 654 666 668 689 717 738 746 786 796 815 821 824 838 852 888 936 944 982 983 996
936
TestCase-9
8
98 153 225 225 225 225 301 562
225
TestCase-10
27
18 26 40 40 42 51 80 113 167 186 241 282 345 409 471 488 515 530 539 602 602 695 708 753 771 811 903
602
TestCase-11
82
4 7 67 95 95 110 126 145 181 194 197 210 211 225 231 250 308 310 318 319 342 349 352 363 384 387 418 426 426 426 426 426 426 426 426 426 426 426 426 426 426 426 426 426 426 426 426 426 426 426 426 426 426 426 426 426 431 450 460 465 474 486 499 552 618 655 684 695 746 782 815 823 825 829 852 863 877 884 952 966 979 998
426
TestCase-12
70
10 39 44 46 87 104 105 108 111 129 135 138 157 167 176 189 190 193 200 200 203 204 226 253 261 263 280 300 312 316 331 339 345 389 396 414 426 431 489 497 498 529 554 559 575 578 587 625 638 645 655 679 702 729 736 751 753 779 793 831 836 836 849 912 916 922 925 927 948 965
836
TestCase-13
32
52 54 184 259 342 363 374 375 396 401 543 543 543 543 543 543 543 543 543 543 543 543 548 626 629 695 760 806 823 879 913 948
543
TestCase-14
14
16 51 77 177 265 668 676 691 767 771 775 934 943 975
668
TestCase-15
53
11 63 159 208 235 244 269 288 304 341 360 367 396 401 402 415 448 483 483 483 483 483 483 483 483 483 483 483 483 483 483 483 483 483 483 483 485 507 507 522 641 676 687 687 705 767 768 773 861 865 907 915 966
483
TestCase-16
73
14 26 29 39 42 48 54 54 56 76 92 120 175 202 203 203 230 246 253 254 275 285 285 292 304 311 315 323 342 348 355 372 373 392 403 451 456 460 485 517 523 526 530 534 542 548 556 583 620 629 631 631 638 663 674 684 689 716 726 734 737 750 779 795 798 807 839 852 885 903 941 946 976
323
TestCase-17
112
35 46 55 75 75 82 86 109 110 113 124 169 201 216 234 236 248 251 255 319 322 324 330 331 334 347 352 355 361 390 408 412 423 452 454 457 471 541 541 541 541 541 541 541 541 541 541 541 541 541 541 541 541 541 541 541 541 541 541 541 541 541 541 541 541 541 541 541 541 541 541 541 541 541 541 541 556 575 581 591 593 599 623 639 643 667 670 670 673 688 695 705 712 736 739 761 762 807 808 832 833 834 881 892 912 914 922 928 939 955 975 995
541
TestCase-18
68
1 17 21 30 75 95 96 97 99 134 163 178 191 197 207 211 222 224 239 244 248 250 265 280 317 326 347 406 409 410 417 420 434 436 444 455 471 478 484 484 500 503 509 524 525 528 595 601 611 611 638 643 664 679 680 692 708 729 760 776 777 795 807 852 905 906 973 992
905
TestCase-19
86
24 45 67 108 110 114 131 132 149 150 154 157 174 192 195 195 205 207 210 218 228 228 245 252 261 266 284 301 304 304 304 304 304 304 304 304 304 304 304 304 304 304 304 304 304 304 304 304 304 304 304 304 304 304 304 304 304 304 317 390 393 407 431 453 463 471 480 482 605 610 622 628 690 703 720 735 735 744 754 800 807 836 843 891 918 934
304
TestCase-20
30
42 65 78 86 90 97 98 118 232 239 263 286 324 350 372 376 398 401 449 464 540 609 691 708 737 750 784 809 822 990
118
TestCase-21
121
20 45 68 72 72 80 101 106 112 114 139 140 146 159 170 175 185 200 207 227 228 236 237 248 279 282 288 298 302 305 325 332 347 362 366 379 395 421 421 437 437 437 437 437 437 437 437 437 437 437 437 437 437 437 437 437 437 437 437 437 437 437 437 437 437 437 437 437 437 437 437 437 437 437 437 437 437 437 437 437 437 437 443 471 471 500 531 543 554 555 562 580 586 586 587 600 604 612 618 632 644 663 684 693 701 710 713 723 766 768 776 818 827 829 837 870 906 966 985 989 989
437
TestCase-22
8
103 147 369 412 677 726 782 903
103
TestCase-23
19
135 154 185 218 293 394 476 476 476 476 476 476 476 476 523 713 731 908 913
476
TestCase-24
77
15 31 31 41 42 57 72 81 85 117 121 136 138 140 143 146 167 174 188 191 198 208 217 218 231 232 250 257 261 264 267 273 285 314 321 377 392 415 424 433 461 463 480 488 492 517 523 527 533 595 615 619 640 659 662 666 669 670 685 688 702 760 795 807 813 823 844 862 875 876 877 884 915 925 933 970 973
321
TestCase-25
107
13 25 27 71 74 74 92 133 135 146 152 187 190 199 236 236 244 257 261 273 289 291 313 314 317 321 333 349 353 361 397 410 411 411 425 446 446 446 446 446 446 446 446 446 446 446 446 446 446 446 446 446 446 446 446 446 446 446 446 446 446 446 446 446 446 446 446 446 446 446 446 446 466 474 478 523 554 564 598 605 628 629 638 643 648 651 656 687 697 705 723 737 770 773 783 784 822 912 921 937 946 969 975 990 993 998 999
446
TestCase-26
37
54 86 157 162 177 183 200 210 246 251 260 270 348 351 438 452 483 542 573 581 585 587 625 632 637 638 710 758 760 767 809 815 828 845 874 880 894
874
TestCase-27
41
22 57 81 152 178 245 269 295 301 410 469 499 500 638 638 638 638 638 638 638 638 638 638 638 638 638 638 638 641 644 717 727 737 741 741 744 771 795 838 886 938
638
TestCase-28
14
35 74 86 129 201 265 293 531 632 641 784 805 876 923
293
TestCase-29
61
6 24 42 46 115 118 189 199 213 237 259 282 291 353 359 380 403 403 432 451 455 455 455 455 455 455 455 455 455 455 455 455 455 455 455 455 455 455 455 455 455 455 455 471 484 503 515 525 566 582 597 666 786 800 801 805 870 879 886 914 926
455
TestCase-30
79
3 21 63 80 85 108 110 115 125 148 171 179 198 211 226 234 239 247 272 273 280 281 303 312 316 321 326 328 353 383 384 397 400 433 457 459 501 512 534 544 545 557 570 593 608 609 611 637 642 666 670 672 679 691 715 719 740 748 753 769 782 789 793 806 807 828 844 851 861 873 880 894 902 914 950 957 961 963 992
902
TestCase-31
121
33 50 53 54 65 77 101 130 138 149 169 169 175 175 203 204 207 253 276 296 309 318 324 325 332 335 339 353 359 361 366 368 391 403 421 425 469 470 503 533 563 563 563 563 563 563 563 563 563 563 563 563 563 563 563 563 563 563 563 563 563 563 563 563 563 563 563 563 563 563 563 563 563 563 563 563 563 563 563 563 563 563 566 571 576 608 608 609 625 627 661 680 691 701 707 718 719 737 765 770 784 794 802 807 807 808 808 822 826 850 863 867 881 893 897 905 928 933 988 997 999
563
TestCase-32
44
4 13 72 73 98 107 125 130 159 193 240 290 306 330 373 405 446 469 475 479 486 498 522 539 644 663 700 735 736 740 743 745 796 849 852 862 864 914 916 922 932 966 966 985
240
TestCase-33
95
13 23 49 86 126 135 136 152 177 187 192 204 220 220 235 245 252 257 309 320 391 414 443 444 471 477 537 540 557 557 584 614 614 614 614 614 614 614 614 614 614 614 614 614 614 614 614 614 614 614 614 614 614 614 614 614 614 614 614 614 614 614 614 614 620 622 629 633 654 654 659 666 677 685 722 758 776 781 783 802 802 808 823 837 845 847 847 870 899 907 948 956 981 986 994
614
TestCase-34
60
3 12 75 81 93 109 129 132 139 139 182 190 221 237 241 247 249 286 317 327 373 375 375 387 394 400 403 453 462 464 478 486 495 500 516 564 577 641 643 675 695 698 737 764 768 794 798 800 803 817 864 884 901 907 914 918 950 952 970 988
317
TestCase-35
58
14 52 84 162 164 177 181 221 269 294 303 329 355 362 381 388 427 462 474 477 477 477 477 477 477 477 477 477 477 477 477 477 477 477 477 477 477 477 477 477 500 534 607 643 645 706 715 725 737 782 821 880 885 889 914 922 962 996
477
TestCase-36
67
4 8 23 46 52 60 77 113 127 179 181 213 235 237 246 248 283 313 344 346 348 353 364 386 427 431 454 456 480 488 492 499 552 567 572 594 611 626 629 644 666 668 671 683 700 749 765 791 794 805 813 835 840 864 871 892 897 900 910 923 931 940 954 958 967 990 1000
348
TestCase-37
20
46 101 191 221 360 455 635 635 635 635 635 635 635 635 660 697 784 805 811 849
635
TestCase-38
77
8 19 20 58 61 70 72 84 94 94 96 96 139 149 152 155 155 156 163 164 171 185 191 204 208 210 230 237 243 280 296 314 328 386 401 411 422 429 440 475 480 488 490 501 516 555 574 623 636 647 648 656 658 684 692 766 768 774 803 832 846 847 850 850 865 868 892 892 926 934 955 958 974 975 982 997 1000
892
TestCase-39
59
7 28 64 104 118 142 156 182 212 214 237 257 265 280 286 350 354 391 416 451 451 451 451 451 451 451 451 451 451 451 451 451 451 451 451 451 451 451 451 451 468 475 477 487 493 494 595 602 612 669 673 705 724 733 742 825 830 866 984
451
TestCase-40
59
21 27 54 56 76 92 109 120 181 201 217 294 332 335 390 391 414 420 445 447 477 486 497 501 510 554 575 577 580 618 619 623 627 648 657 663 669 694 695 707 707 710 753 795 807 808 808 811 836 839 886 889 892 897 909 919 945 948 948
919
TestCase-41
85
37 44 49 49 65 66 83 97 97 119 132 136 181 230 237 266 300 308 316 320 322 381 390 427 452 463 485 496 545 545 545 545 545 545 545 545 545 545 545 545 545 545 545 545 545 545 545 545 545 545 545 545 545 545 545 545 545 545 557 559 578 588 618 622 640 654 676 706 742 743 783 814 823 836 846 870 919 924 928 932 972 974 978 981 988
545
TestCase-42
31
31 106 140 166 244 255 285 323 339 390 418 449 486 494 549 570 590 677 708 710 714 717 724 730 750 759 781 908 928 953 995
995
TestCase-43
11
202 383 472 560 560 560 560 560 753 808 884
560
TestCase-44
37
16 43 49 70 109 119 149 178 190 193 244 261 294 322 342 362 377 412 422 435 517 530 534 610 637 664 702 726 727 748 813 816 858 910 934 949 966
910
TestCase-45
118
6 28 30 61 68 82 116 123 128 138 151 170 175 190 190 204 204 209 221 238 264 285 318 320 334 351 359 363 372 374 379 388 395 410 474 476 478 485 500 506 506 506 506 506 506 506 506 506 506 506 506 506 506 506 506 506 506 506 506 506 506 506 506 506 506 506 506 506 506 506 506 506 506 506 506 506 506 506 506 506 524 526 543 565 583 593 611 615 625 626 626 627 630 640 642 669 717 720 768 780 783 795 799 804 832 836 855 856 861 864 883 904 913 960 967 994 994 994
506
TestCase-46
76
32 57 57 58 63 65 92 96 103 116 132 157 158 168 187 193 200 276 278 283 297 312 320 357 358 366 415 428 433 435 453 454 459 469 485 502 514 527 530 532 539 550 574 601 603 605 606 614 670 676 679 713 713 727 742 767 769 783 785 798 802 809 834 835 858 873 876 892 904 906 913 931 972 983 989 992
276
TestCase-47
10
232 277 287 527 527 527 527 527 577 974
527
TestCase-48
20
2 18 111 138 301 316 330 520 537 554 662 756 776 840 843 851 873 943 960 976
330
TestCase-49
44
119 146 183 292 298 369 381 402 463 465 551 553 610 618 649 649 649 649 649 649 649 649 649 649 649 649 649 649 649 649 659 680 689 701 708 722 762 793 815 816 867 934 970 997
649
TestCase-50
23
6 7 21 44 172 223 250 252 269 394 433 533 678 684 762 796 863 865 906 908 942 981 995
433
TestCase-51
22
122 153 192 234 247 262 361 383 383 383 383 383 383 383 383 383 464 494 510 521 576 819
383
TestCase-52
5
273 537 561 690 868
868
TestCase-53
29
61 72 114 171 312 315 439 518 652 708 708 708 708 708 708 708 708 708 708 708 755 763 839 857 873 883 931 942 953
708
TestCase-54
42
23 25 30 87 91 95 106 118 157 214 232 278 286 295 298 302 322 343 364 381 382 399 403 508 570 573 620 635 644 651 666 682 699 734 772 789 823 836 840 861 865 990
836
TestCase-55
56
19 26 78 84 118 183 186 188 238 251 272 305 313 349 384 434 475 504 543 543 543 543 543 543 543 543 543 543 543 543 543 543 543 543 543 543 543 543 565 619 624 653 669 688 712 809 825 849 870 876 898 938 959 966 998 999
543
TestCase-56
57
8 10 21 58 63 76 94 100 157 158 172 179 184 222 235 246 248 251 277 281 295 314 336 341 345 356 365 379 383 389 392 404 432 447 453 492 500 523 618 624 646 685 719 736 748 753 761 769 798 823 833 840 849 881 884 927 931
235
TestCase-57
103
10 11 33 35 36 44 56 58 100 121 123 131 135 140 164 173 189 198 210 225 228 245 267 279 295 314 315 343 346 357 358 359 384 424 440 440 440 440 440 440 440 440 440 440 440 440 440 440 440 440 440 440 440 440 440 440 440 440 440 440 440 440 440 440 440 440 440 440 440 440 446 449 467 472 472 476 488 503 508 534 572 572 589 606 617 640 644 649 699 713 742 757 817 840 848 882 894 922 929 933 940 944 945
440
TestCase-58
11
129 163 168 178 262 279 484 534 593 619 678
484
TestCase-59
28
12 41 55 270 460 483 490 506 526 553 553 553 553 553 553 553 553 553 553 553 642 700 775 803 866 884 953 972
553
TestCase-60
78
10 20 20 23 25 37 39 46 48 94 112 152 155 199 201 215 233 257 268 276 339 344 349 358 363 364 365 389 394 404 417 438 447 448 455 488 490 500 509 515 525 548 549 577 586 604 615 630 640 647 685 687 695 698 700 710 729 734 737 744 775 777 787 794 796 810 812 824 837 881 897 928 930 941 946 954 979 990
488
TestCase-61
34
13 39 69 134 256 270 280 282 301 391 404 462 462 462 462 462 462 462 462 462 462 462 462 462 497 590 629 696 756 770 785 813 839 983
462
TestCase-62
48
31 33 52 58 86 90 94 127 197 201 209 257 277 292 293 310 315 317 358 412 415 431 434 440 467 472 480 510 524 525 560 601 613 648 649 679 701 712 716 770 810 844 878 881 901 917 941 968
844
TestCase-63
8
153 220 232 232 232 232 673 701
232
TestCase-64
32
55 93 115 159 181 181 184 192 207 207 214 235 265 311 336 343 486 498 510 515 577 585 645 735 752 812 831 835 853 888 927 981
835
TestCase-65
2
420 420
420
TestCase-66
47
48 73 83 104 115 161 212 233 240 285 300 377 409 431 440 454 482 502 534 542 594 629 637 642 662 665 671 681 717 786 811 814 824 839 855 872 874 874 895 902 915 922 927 936 952 985 994
542
TestCase-67
95
3 21 28 43 88 99 108 130 137 138 139 154 217 237 267 273 274 278 286 289 293 349 371 395 405 417 419 435 439 459 475 505 505 505 505 505 505 505 505 505 505 505 505 505 505 505 505 505 505 505 505 505 505 505 505 505 505 505 505 505 505 505 505 505 519 521 561 562 564 567 609 616 633 634 650 656 662 677 693 701 706 709 710 765 784 794 817 850 870 882 886 892 904 958 990
505
TestCase-68
15
41 47 102 112 119 171 186 241 460 555 587 617 736 897 954
119
TestCase-69
89
108 126 133 144 149 161 166 167 171 187 190 199 200 215 341 357 357 388 402 407 418 431 475 508 559 566 568 568 573 592 592 592 592 592 592 592 592 592 592 592 592 592 592 592 592 592 592 592 592 592 592 592 592 592 592 592 592 592 592 592 592 607 625 644 647 648 652 652 659 718 737 737 758 760 763 785 786 813 863 874 892 895 902 915 915 919 965 966 997
592
TestCase-70
44
27 28 100 112 152 156 177 197 237 249 273 305 334 334 338 343 391 412 438 448 465 539 565 581 594 616 666 675 714 729 732 739 757 763 802 804 842 857 883 893 941 949 961 998
391
TestCase-71
65
11 14 28 46 48 61 68 90 102 105 183 201 256 256 279 345 375 424 445 466 510 526 526 526 526 526 526 526 526 526 526 526 526 526 526 526 526 526 526 526 526 526 526 526 533 559 563 566 613 623 630 632 666 695 722 741 742 753 756 804 807 856 866 878 885
526
TestCase-72
15
18 70 70 77 210 222 260 265 289 300 322 387 595 820 963
300
TestCase-73
20
58 160 364 515 551 578 583 583 583 583 583 583 583 583 614 732 742 766 859 871
583
TestCase-74
23
75 89 113 143 194 200 315 340 434 482 489 551 593 594 621 666 698 700 716 761 833 982 984
621
TestCase-75
61
40 61 84 93 119 148 212 221 284 286 309 311 335 351 354 365 387 449 453 469 545 545 545 545 545 545 545 545 545 545 545 545 545 545 545 545 545 545 545 545 545 545 562 563 572 577 603 622 630 678 691 695 729 746 748 749 769 808 895 905 935
545
TestCase-76
5
589 673 782 785 792
589
TestCase-77
40
23 142 154 209 217 255 265 321 379 429 471 541 556 584 584 584 584 584 584 584 584 584 584 584 584 584 584 584 591 661 680 713 718 733 735 756 802 882 894 916
584
TestCase-78
24
2 93 187 200 242 243 351 393 401 489 552 560 601 682 752 782 819 822 862 870 876 946 946 1000
489
TestCase-79
2
480 480
480
TestCase-80
26
1 17 66 101 103 199 305 305 322 348 385 415 464 465 481 575 581 638 684 859 874 887 905 969 980 998
385
TestCase-81
25
38 71 136 243 361 419 458 527 585 585 585 585 585 585 585 585 585 585 592 635 695 765 775 947 977
585
TestCase-82
51
7 9 19 31 64 107 124 153 157 211 233 238 239 252 298 309 334 338 367 375 424 427 448 450 471 474 477 478 490 500 524 587 632 635 641 652 657 672 675 681 684 717 756 777 845 868 923 959 960 962 991
587
TestCase-83
55
19 54 181 184 210 226 226 227 282 296 379 402 436 447 448 458 461 462 477 477 477 477 477 477 477 477 477 477 477 477 477 477 477 477 477 477 477 477 528 586 591 644 659 661 754 791 798 814 835 861 894 902 917 947 980
477
TestCase-84
75
9 34 42 60 77 81 84 108 145 145 158 181 196 228 231 259 264 270 284 298 321 338 343 348 348 350 351 371 377 390 400 408 413 414 416 416 430 447 448 483 488 506 508 514 516 530 537 556 556 590 643 644 653 654 676 676 679 704 704 708 709 709 771 843 850 864 882 887 890 929 933 944 944 979 984
653
TestCase-85
31
6 107 119 189 230 263 272 310 356 367 406 406 406 406 406 406 406 406 406 406 406 406 417 544 568 692 699 723 737 784 829
406
TestCase-86
18
70 82 128 160 187 286 299 324 328 405 439 463 568 625 710 755 928 994
128
TestCase-87
68
13 54 60 65 78 89 129 137 187 199 211 245 268 270 305 311 324 353 373 373 387 400 499 499 499 499 499 499 499 499 499 499 499 499 499 499 499 499 499 499 499 499 499 499 499 499 542 571 594 627 630 634 668 683 704 759 783 788 834 837 864 876 881 883 926 952 977 985
499
TestCase-88
56
16 17 30 31 52 61 83 86 96 119 133 226 232 236 267 279 306 332 359 400 404 404 430 467 479 500 511 520 523 527 532 541 560 615 628 632 671 682 688 690 695 698 698 733 749 751 760 765 797 820 834 840 902 914 924 930
232
TestCase-89
43
160 170 185 193 215 313 328 342 391 394 420 424 438 590 634 634 634 634 634 634 634 634 634 634 634 634 634 634 634 634 637 687 694 735 780 791 834 884 918 941 951 954 979
634
TestCase-90
28
11 13 99 169 196 221 232 266 276 289 289 412 427 439 514 525 689 701 714 792 798 820 820 861 877 891 913 973
891
TestCase-91
11
43 163 270 446 446 446 446 446 473 682 719
446
TestCase-92
74
29 32 51 79 119 150 151 164 169 209 218 231 254 255 262 270 280 303 320 344 355 362 367 395 397 397 431 464 470 471 478 486 501 516 519 541 549 559 561 594 615 630 640 655 657 667 681 685 686 696 702 708 745 766 796 797 809 810 833 833 838 844 859 875 901 908 909 918 921 938 954 977 991 993
702
TestCase-93
115
20 23 45 55 64 98 109 112 114 127 158 162 167 186 198 214 219 221 246 253 255 306 324 336 351 359 359 359 359 397 402 426 453 465 477 483 488 493 504 504 504 504 504 504 504 504 504 504 504 504 504 504 504 504 504 504 504 504 504 504 504 504 504 504 504 504 504 504 504 504 504 504 504 504 504 504 504 504 513 544 550 578 603 604 606 636 640 644 654 662 673 691 725 729 732 744 746 753 762 778 789 790 807 818 833 836 855 894 904 904 928 929 945 949 954
504
TestCase-94
18
7 11 76 105 127 183 215 280 285 356 381 440 453 468 649 693 783 984
11
TestCase-95
31
48 72 84 114 117 252 271 305 357 366 505 505 505 505 505 505 505 505 505 505 505 505 543 608 625 664 710 718 723 803 1000
505
TestCase-96
25
10 22 24 47 64 151 181 238 315 339 429 445 496 520 543 601 620 629 654 791 830 850 889 901 987
64
TestCase-97
38
5 96 114 248 272 277 288 374 391 401 584 669 699 699 699 699 699 699 699 699 699 699 699 699 699 699 722 731 764 823 833 864 887 967 973 977 981 988
699
TestCase-98
13
48 130 355 394 405 454 455 521 523 530 585 607 614
405
TestCase-99
22
21 45 79 103 282 327 397 487 487 487 487 487 487 487 487 487 526 770 838 885 978 985
487
TestCase-100
49
3 45 55 101 111 149 187 192 201 240 256 295 306 328 332 333 340 352 356 370 375 380 388 393 435 440 446 457 483 489 550 566 588 592 645 712 732 748 757 759 781 846 855 871 910 932 986 990 992
101
TestCase-101
1
1
1
TestCase-102
1
1
2
TestCase-103
1000
1 1 1 1 1 1 1 1 1 1 1 1 1 1 1 1 1 1 1 1 1 1 1 1 1 1 1 1 1 1 1 1 1 1 1 1 1 1 1 1 1 1 1 1 1 1 1 1 1 1 1 1 1 1 1 1 1 1 1 1 1 1 1 1 1 1 1 1 1 1 1 1 1 1 1 1 1 1 1 1 1 1 1 1 1 1 1 1 1 1 1 1 1 1 1 1 1 1 1 1 1 1 1 1 1 1 1 1 1 1 1 1 1 1 1 1 1 1 1 1 1 1 1 1 1 1 1 1 1 1 1 1 1 1 1 1 1 1 1 1 1 1 1 1 1 1 1 1 1 1 1 1 1 1 1 1 1 1 1 1 1 1 1 1 1 1 1 1 1 1 1 1 1 1 1 1 1 1 1 1 1 1 1 1 1 1 1 1 1 1 1 1 1 1 1 1 1 1 1 1 1 1 1 1 1 1 1 1 1 1 1 1 1 1 1 1 1 1 1 1 1 1 1 1 1 1 1 1 1 1 1 1 1 1 1 1 1 1 1 1 1 1 1 1 1 1 1 1 1 1 1 1 1 1 1 1 1 1 1 1 1 1 1 1 1 1 1 1 1 1 1 1 1 1 1 1 1 1 1 1 1 1 1 1 1 1 1 1 1 1 1 1 1 1 1 1 1 1 1 1 1 1 1 1 1 1 1 1 1 1 1 1 1 1 1 1 1 1 1 1 1 1 1 1 1 1 1 1 1 1 1 1 1 1 1 1 1 1 1 1 1 1 1 1 1 1 1 1 1 1 1 1 1 1 1 1 1 1 1 1 1 1 1 1 1 1 1 1 1 1 1 1 1 1 1 1 1 1 1 1 1 1 1 1 1 1 1 1 1 1 1 1 1 1 1 1 1 1 1 1 1 1 1 1 1 1 1 1 1 1 1 1 1 1 1 1 1 1 1 1 1 1 1 1 1 1 1 1 1 1 1 1 1 1 1 1 1 1 1 1 1 1 1 1 1 1 1 1 1 1 1 1 1 1 1 1 1 1 1 1 1 1 1 1 1 1 1 1 1 1 1 1 1 1 1 1 1 1 1 1 1 1 1 1 1 1 1 1 1 1 1 1 1 1 1 1 1 1 1 1 1 1 1 1 1 1 1 1 1 1 1 1 1 1 1 1 1 1 1 1 1 1 1 1 1 1 1 1 1 1 1 1 1 1 1 1 1 1 1 1 1 1 1 1 1 1 1 1 1 1 1 1 1 1 1 1 1 1 1 1 1 1 1 1 1 1 1 1 1 1 1 1 1 1 1 1 1 1 1 1 1 1 1 1 1 1 1 1 1 1 1 1 1 1 1 1 1 1 1 1 1 1 1 1 1 1 1 1 1 1 1 1 1 1 1 1 1 1 1 1 1 1 1 1 1 1 1 1 1 1 1 1 1 1 1 1 1 1 1 1 1 1 1 1 1 1 1 1 1 1 1 1 1 1 1 1 1 1 1 1 1 1 1 1 1 1 1 1 1 1 1 1 1 1 1 1 1 1 1 1 1 1 1 1 1 1 1 1 1 1 1 1 1 1 1 1 1 1 1 1 1 1 1 1 1 1 1 1 1 1 1 1 1 1 1 1 1 1 1 1 1 1 1 1 1 1 1 1 1 1 1 1 1 1 1 1 1 1 1 1 1 1 1 1 1 1 1 1 1 1 1 1 1 1 1 1 1 1 1 1 1 1 1 1 1 1 1 1 1 1 1 1 1 1 1 1 1 1 1 1 1 1 1 1 1 1 1 1 1 1 1 1 1 1 1 1 1 1 1 1 1 1 1 1 1 1 1 1 1 1 1 1 1 1 1 1 1 1 1 1 1 1 1 1 1 1 1 1 1 1 1 1 1 1 1 1 1 1 1 1 1 1 1 1 1 1 1 1 1 1 1 1 1 1 1 1 1 1 1 1 1 1 1 1 1 1 1 1 1 1 1 1 1 1 1 1 1 1 1 1 1 1 1 1 1 1 1 1 1 1 1 1 1 1 1 1 1 1 1 1 1 1 1 1 1 1 1 1 1 1 1 1 1 1 1 1 1 1 1 1 1 1 1 1 1 1 1 1 1 1 1 1 1 1 1 1 1 1 1 1 1 1 1 1 1 1 1 1 1 1 1 1 1 1 1 1 1 1 1 1 1 1 1 1 1 1 1 1 1 1 1 1 1 1 1 1 1 1 1 1 1 1 1 1 1 1 1 1 1 1 1 1 1 1 1 1 1 1 1 1
1
TestCase-104
1000
1 1 1 1 1 1 1 1 1 1 1 1 1 1 1 1 1 1 1 1 1 1 1 1 1 1 1 1 1 1 1 1 1 1 1 1 1 1 1 1 1 1 1 1 1 1 1 1 1 1 1 1 1 1 1 1 1 1 1 1 1 1 1 1 1 1 1 1 1 1 1 1 1 1 1 1 1 1 1 1 1 1 1 1 1 1 1 1 1 1 1 1 1 1 1 1 1 1 1 1 1 1 1 1 1 1 1 1 1 1 1 1 1 1 1 1 1 1 1 1 1 1 1 1 1 1 1 1 1 1 1 1 1 1 1 1 1 1 1 1 1 1 1 1 1 1 1 1 1 1 1 1 1 1 1 1 1 1 1 1 1 1 1 1 1 1 1 1 1 1 1 1 1 1 1 1 1 1 1 1 1 1 1 1 1 1 1 1 1 1 1 1 1 1 1 1 1 1 1 1 1 1 1 1 1 1 1 1 1 1 1 1 1 1 1 1 1 1 1 1 1 1 1 1 1 1 1 1 1 1 1 1 1 1 1 1 1 1 1 1 1 1 1 1 1 1 1 1 1 1 1 1 1 1 1 1 1 1 1 1 1 1 1 1 1 1 1 1 1 1 1 1 1 1 1 1 1 1 1 1 1 1 1 1 1 1 1 1 1 1 1 1 1 1 1 1 1 1 1 1 1 1 1 1 1 1 1 1 1 1 1 1 1 1 1 1 1 1 1 1 1 1 1 1 1 1 1 1 1 1 1 1 1 1 1 1 1 1 1 1 1 1 1 1 1 1 1 1 1 1 1 1 1 1 1 1 1 1 1 1 1 1 1 1 1 1 1 1 1 1 1 1 1 1 1 1 1 1 1 1 1 1 1 1 1 1 1 1 1 1 1 1 1 1 1 1 1 1 1 1 1 1 1 1 1 1 1 1 1 1 1 1 1 1 1 1 1 1 1 1 1 1 1 1 1 1 1 1 1 1 1 1 1 1 1 1 1 1 1 1 1 1 1 1 1 1 1 1 1 1 1 1 1 1 1 1 1 1 1 1 1 1 1 1 1 1 1 1 1 1 1 1 1 1 1 1 1 1 1 1 1 1 1 1 1 1 1 1 1 1 1 1 1 1 1 1 1 1 1 1 1 1 1 1 1 1 1 1 1 1 1 1 1 1 1 1 1 1 1 1 1 1 1 1 1 1 1 1 1 1 1 1 1 1 1 1 1 1 1 1 1 1 1 1 1 1 1 1 1 1 1 1 1 1 1 1 1 1 1 1 1 1 1 1 1 1 1 1 1 1 1 1 1 1 1 1 1 1 1 1 1 1 1 1 1 1 1 1 1 1 1 1 1 1 1 1 1 1 1 1 1 1 1 1 1 1 1 1 1 1 1 1 1 1 1 1 1 1 1 1 1 1 1 1 1 1 1 1 1 1 1 1 1 1 1 1 1 1 1 1 1 1 1 1 1 1 1 1 1 1 1 1 1 1 1 1 1 1 1 1 1 1 1 1 1 1 1 1 1 1 1 1 1 1 1 1 1 1 1 1 1 1 1 1 1 1 1 1 1 1 1 1 1 1 1 1 1 1 1 1 1 1 1 1 1 1 1 1 1 1 1 1 1 1 1 1 1 1 1 1 1 1 1 1 1 1 1 1 1 1 1 1 1 1 1 1 1 1 1 1 1 1 1 1 1 1 1 1 1 1 1 1 1 1 1 1 1 1 1 1 1 1 1 1 1 1 1 1 1 1 1 1 1 1 1 1 1 1 1 1 1 1 1 1 1 1 1 1 1 1 1 1 1 1 1 1 1 1 1 1 1 1 1 1 1 1 1 1 1 1 1 1 1 1 1 1 1 1 1 1 1 1 1 1 1 1 1 1 1 1 1 1 1 1 1 1 1 1 1 1 1 1 1 1 1 1 1 1 1 1 1 1 1 1 1 1 1 1 1 1 1 1 1 1 1 1 1 1 1 1 1 1 1 1 1 1 1 1 1 1 1 1 1 1 1 1 1 1 1 1 1 1 1 1 1 1 1 1 1 1 1 1 1 1 1 1 1 1 1 1 1 1 1 1 1 1 1 1 1 1 1 1 1 1 1 1 1 1 1 1 1 1 1 1 1 1 1 1 1 1 1 1 1 1 1 1 1 1 1 1 1 1 1 1 1 1 1 1 1 1 1 1 1 1 1 1 1 1 1 1 1 1 1 1 1 1 1 1 1 1 1 1 1 1 1 1 1 1 1 1 1 1 1 1 1 1 1 1 1 2
1
TestCase-105
1000
1 1 1 1 1 1 1 1 1 1 1 1 1 1 1 1 1 1 1 1 1 1 1 1 1 1 1 1 1 1 1 1 1 1 1 1 1 1 1 1 1 1 1 1 1 1 1 1 1 1 1 1 1 1 1 1 1 1 1 1 1 1 1 1 1 1 1 1 1 1 1 1 1 1 1 1 1 1 1 1 1 1 1 1 1 1 1 1 1 1 1 1 1 1 1 1 1 1 1 1 1 1 1 1 1 1 1 1 1 1 1 1 1 1 1 1 1 1 1 1 1 1 1 1 1 1 1 1 1 1 1 1 1 1 1 1 1 1 1 1 1 1 1 1 1 1 1 1 1 1 1 1 1 1 1 1 1 1 1 1 1 1 1 1 1 1 1 1 1 1 1 1 1 1 1 1 1 1 1 1 1 1 1 1 1 1 1 1 1 1 1 1 1 1 1 1 1 1 1 1 1 1 1 1 1 1 1 1 1 1 1 1 1 1 1 1 1 1 1 1 1 1 1 1 1 1 1 1 1 1 1 1 1 1 1 1 1 1 1 1 1 1 1 1 1 1 1 1 1 1 1 1 1 1 1 1 1 1 1 1 1 1 1 1 1 1 1 1 1 1 1 1 1 1 1 1 1 1 1 1 1 1 1 1 1 1 1 1 1 1 1 1 1 1 1 1 1 1 1 1 1 1 1 1 1 1 1 1 1 1 1 1 1 1 1 1 1 1 1 1 1 1 1 1 1 1 1 1 1 1 1 1 1 1 1 1 1 1 1 1 1 1 1 1 1 1 1 1 1 1 1 1 1 1 1 1 1 1 1 1 1 1 1 1 1 1 1 1 1 1 1 1 1 1 1 1 1 1 1 1 1 1 1 1 1 1 1 1 1 1 1 1 1 1 1 1 1 1 1 1 1 1 1 1 1 1 1 1 1 1 1 1 1 1 1 1 1 1 1 1 1 1 1 1 1 1 1 1 1 1 1 1 1 1 1 1 1 1 1 1 1 1 1 1 1 1 1 1 1 1 1 1 1 1 1 1 1 1 1 1 1 1 1 1 1 1 1 1 1 1 1 1 1 1 1 1 1 1 1 1 1 1 1 1 1 1 1 1 1 1 1 1 1 1 1 1 1 1 1 1 1 1 1 1 1 1 1 1 1 1 1 1 1 1 1 1 1 1 1 1 1 1 1 1 1 1 1 1 1 1 1 1 1 1 1 1 1 1 1 1 1 1 1 1 1 1 1 1 1 1 1 1 1 1 1 1 1 1 1 1 1 1 1 1 1 1 1 1 1 1 1 1 1 1 1 1 1 1 1 1 1 1 1 1 1 1 1 1 1 1 1 1 1 1 1 1 1 1 1 1 1 1 1 1 1 1 1 1 1 1 1 1 1 1 1 1 1 1 1 1 1 1 1 1 1 1 1 1 1 1 1 1 1 1 1 1 1 1 1 1 1 1 1 1 1 1 1 1 1 1 1 1 1 1 1 1 1 1 1 1 1 1 1 1 1 1 1 1 1 1 1 1 1 1 1 1 1 1 1 1 1 1 1 1 1 1 1 1 1 1 1 1 1 1 1 1 1 1 1 1 1 1 1 1 1 1 1 1 1 1 1 1 1 1 1 1 1 1 1 1 1 1 1 1 1 1 1 1 1 1 1 1 1 1 1 1 1 1 1 1 1 1 1 1 1 1 1 1 1 1 1 1 1 1 1 1 1 1 1 1 1 1 1 1 1 1 1 1 1 1 1 1 1 1 1 1 1 1 1 1 1 1 1 1 1 1 1 1 1 1 1 1 1 1 1 1 1 1 1 1 1 1 1 1 1 1 1 1 1 1 1 1 1 1 1 1 1 1 1 1 1 1 1 1 1 1 1 1 1 1 1 1 1 1 1 1 1 1 1 1 1 1 1 1 1 1 1 1 1 1 1 1 1 1 1 1 1 1 1 1 1 1 1 1 1 1 1 1 1 1 1 1 1 1 1 1 1 1 1 1 1 1 1 1 1 1 1 1 1 1 1 1 1 1 1 1 1 1 1 1 1 1 1 1 1 1 1 1 1 1 1 1 1 1 1 1 1 1 1 1 1 1 1 1 1 1 1 1 1 1 1 1 1 1 1 1 1 1 1 1 1 1 1 1 1 1 1 1 1 1 1 1 1 1 1 1 1 1 1 1 1 1 1 1 1 1 1 1 1 1 1 1 1 1 1 1 1 1 1 1 1 1 1 1 1 1 1 1 1 1 1 1 1 1 1 1 1 1 1 2
2
TestCase-106
1000
852899813 852899813 852899813 852899813 852899813 852899813 852899813 852899813 852899813 852899813 852899813 852899813 852899813 852899813 852899813 852899813 852899813 852899813 852899813 852899813 852899813 852899813 852899813 852899813 852899813 852899813 852899813 852899813 852899813 852899813 852899813 852899813 852899813 852899813 852899813 852899813 852899813 852899813 852899813 852899813 852899813 852899813 852899813 852899813 852899813 852899813 852899813 852899813 852899813 852899813 852899813 852899813 852899813 852899813 852899813 852899813 852899813 852899813 852899813 852899813 852899813 852899813 852899813 852899813 852899813 852899813 852899813 852899813 852899813 852899813 852899813 852899813 852899813 852899813 852899813 852899813 852899813 852899813 852899813 852899813 852899813 852899813 852899813 852899813 852899813 852899813 852899813 852899813 852899813 852899813 852899813 852899813 852899813 852899813 852899813 852899813 852899813 852899813 852899813 852899813 852899813 852899813 852899813 852899813 852899813 852899813 852899813 852899813 852899813 852899813 852899813 852899813 852899813 852899813 852899813 852899813 852899813 852899813 852899813 852899813 852899813 852899813 852899813 852899813 852899813 852899813 852899813 852899813 852899813 852899813 852899813 852899813 852899813 852899813 852899813 852899813 852899813 852899813 852899813 852899813 852899813 852899813 852899813 852899813 852899813 852899813 852899813 852899813 852899813 852899813 852899813 852899813 852899813 852899813 852899813 852899813 852899813 852899813 852899813 852899813 852899813 852899813 852899813 852899813 852899813 852899813 852899813 852899813 852899813 852899813 852899813 852899813 852899813 852899813 852899813 852899813 852899813 852899813 852899813 852899813 852899813 852899813 852899813 852899813 852899813 852899813 852899813 852899813 852899813 852899813 852899813 852899813 852899813 852899813 852899813 852899813 852899813 852899813 852899813 852899813 852899813 852899813 852899813 852899813 852899813 852899813 852899813 852899813 852899813 852899813 852899813 852899813 852899813 852899813 852899813 852899813 852899813 852899813 852899813 852899813 852899813 852899813 852899813 852899813 852899813 852899813 852899813 852899813 852899813 852899813 852899813 852899813 852899813 852899813 852899813 852899813 852899813 852899813 852899813 852899813 852899813 852899813 852899813 852899813 852899813 852899813 852899813 852899813 852899813 852899813 852899813 852899813 852899813 852899813 852899813 852899813 852899813 852899813 852899813 852899813 852899813 852899813 852899813 852899813 852899813 852899813 852899813 852899813 852899813 852899813 852899813 852899813 852899813 852899813 852899813 852899813 852899813 852899813 852899813 852899813 852899813 852899813 852899813 852899813 852899813 852899813 852899813 852899813 852899813 852899813 852899813 852899813 852899813 852899813 852899813 852899813 852899813 852899813 852899813 852899813 852899813 852899813 852899813 852899813 852899813 852899813 852899813 852899813 852899813 852899813 852899813 852899813 852899813 852899813 852899813 852899813 852899813 852899813 852899813 852899813 852899813 852899813 852899813 852899813 852899813 852899813 852899813 852899813 852899813 852899813 852899813 852899813 852899813 852899813 852899813 852899813 852899813 852899813 852899813 852899813 852899813 852899813 852899813 852899813 852899813 852899813 852899813 852899813 852899813 852899813 852899813 852899813 852899813 852899813 852899813 852899813 852899813 852899813 852899813 852899813 852899813 852899813 852899813 852899813 852899813 852899813 852899813 852899813 852899813 852899813 852899813 852899813 852899813 852899813 852899813 852899813 852899813 852899813 852899813 852899813 852899813 852899813 852899813 852899813 852899813 852899813 852899813 852899813 852899813 852899813 852899813 852899813 852899813 852899813 852899813 852899813 852899813 852899813 852899813 852899813 852899813 852899813 852899813 852899813 852899813 852899813 852899813 852899813 852899813 852899813 852899813 852899813 852899813 852899813 852899813 852899813 852899813 852899813 852899813 852899813 852899813 852899813 852899813 852899813 852899813 852899813 852899813 852899813 852899813 852899813 852899813 852899813 852899813 852899813 852899813 852899813 852899813 852899813 852899813 852899813 852899813 852899813 852899813 852899813 852899813 852899813 852899813 852899813 852899813 852899813 852899813 852899813 852899813 852899813 852899813 852899813 852899813 852899813 852899813 852899813 852899813 852899813 852899813 852899813 852899813 852899813 852899813 852899813 852899813 852899813 852899813 852899813 852899813 852899813 852899813 852899813 852899813 852899813 852899813 852899813 852899813 852899813 852899813 852899813 852899813 852899813 852899813 852899813 852899813 852899813 852899813 852899813 852899813 852899813 852899813 852899813 852899813 852899813 852899813 852899813 361454677 361454677 361454677 361454677 361454677 361454677 361454677 361454677 361454677 361454677 361454677 361454677 361454677 361454677 361454677 361454677 361454677 361454677 361454677 361454677 361454677 361454677 361454677 361454677 361454677 361454677 361454677 361454677 361454677 361454677 361454677 361454677 361454677 361454677 361454677 361454677 361454677 361454677 361454677 361454677 361454677 361454677 361454677 361454677 361454677 361454677 361454677 361454677 361454677 361454677 361454677 361454677 361454677 361454677 361454677 361454677 361454677 361454677 361454677 361454677 361454677 361454677 361454677 361454677 361454677 361454677 361454677 361454677 361454677 361454677 361454677 361454677 361454677 361454677 361454677 361454677 361454677 361454677 361454677 361454677 361454677 361454677 361454677 361454677 361454677 361454677 361454677 361454677 361454677 361454677 361454677 361454677 361454677 361454677 361454677 361454677 361454677 361454677 361454677 361454677 361454677 361454677 361454677 361454677 361454677 361454677 361454677 361454677 361454677 361454677 361454677 361454677 361454677 361454677 361454677 361454677 361454677 361454677 361454677 361454677 361454677 361454677 361454677 361454677 361454677 361454677 361454677 361454677 361454677 361454677 361454677 361454677 361454677 361454677 361454677 361454677 361454677 361454677 361454677 361454677 361454677 361454677 361454677 361454677 361454677 361454677 361454677 361454677 361454677 361454677 361454677 361454677 361454677 361454677 361454677 361454677 361454677 361454677 361454677 361454677 361454677 361454677 361454677 361454677 361454677 361454677 361454677 361454677 361454677 361454677 361454677 361454677 361454677 361454677 361454677 361454677 361454677 361454677 361454677 361454677 361454677 361454677 361454677 361454677 361454677 361454677 361454677 361454677 361454677 361454677 361454677 361454677 361454677 361454677 361454677 361454677 361454677 361454677 361454677 361454677 361454677 361454677 361454677 361454677 361454677 361454677 361454677 361454677 361454677 361454677 361454677 361454677 361454677 361454677 361454677 361454677 361454677 361454677 361454677 361454677 361454677 361454677 361454677 361454677 361454677 361454677 361454677 361454677 361454677 361454677 361454677 361454677 361454677 361454677 361454677 361454677 361454677 361454677 361454677 361454677 361454677 361454677 361454677 361454677 361454677 361454677 361454677 361454677 361454677 361454677 361454677 361454677 361454677 361454677 361454677 361454677 361454677 361454677 361454677 361454677 361454677 361454677 361454677 361454677 361454677 361454677 361454677 361454677 361454677 361454677 361454677 361454677 361454677 361454677 361454677 361454677 361454677 361454677 361454677 361454677 361454677 361454677 361454677 361454677 361454677 361454677 361454677 361454677 361454677 361454677 361454677 361454677 361454677 361454677 361454677 361454677 361454677 361454677 361454677 361454677 361454677 361454677 361454677 361454677 361454677 361454677 361454677 361454677 361454677 361454677 361454677 361454677 361454677 361454677 361454677 361454677 361454677 361454677 361454677 361454677 361454677 361454677 361454677 361454677 361454677 361454677 361454677 361454677 361454677 361454677 361454677 361454677 361454677 361454677 361454677 361454677 361454677 361454677 361454677 361454677 361454677 361454677 361454677 361454677 361454677 361454677 361454677 361454677 361454677 361454677 361454677 361454677 361454677 361454677 361454677 361454677 361454677 361454677 361454677 361454677 361454677 361454677 361454677 361454677 361454677 361454677 361454677 361454677 361454677 361454677 361454677 361454677 361454677 361454677 361454677 361454677 361454677 361454677 361454677 361454677 361454677 361454677 361454677 361454677 361454677 361454677 361454677 361454677 361454677 361454677 361454677 361454677 361454677 361454677 361454677 361454677 361454677 361454677 361454677 361454677 361454677 361454677 361454677 361454677 361454677 361454677 361454677 361454677 361454677 361454677 361454677 361454677 361454677 361454677 361454677 361454677 361454677 361454677 361454677 361454677 361454677 361454677 361454677 361454677 361454677 361454677 361454677 361454677 361454677 361454677 361454677 361454677 361454677 361454677 361454677 361454677 361454677 361454677 361454677 361454677 361454677 361454677 361454677 361454677 361454677 361454677 361454677 361454677 361454677 361454677 361454677 361454677 361454677 361454677 361454677 361454677 361454677 361454677 361454677 361454677 361454677 361454677 361454677 361454677 361454677 361454677 361454677 361454677 361454677 361454677 361454677 361454677 361454677 361454677 361454677 361454677 361454677 361454677 361454677 361454677 361454677 361454677 361454677 361454677 361454677 361454677 361454677 361454677 361454677 361454677 361454677 361454677 361454677 361454677 361454677 361454677 361454677 361454677 361454677 361454677
819578644
TestCase-107
9
1 2 3 3 3 3 3 4 5
3
TestCase-108
9
7 8 8 8 9 9 9 10 11
8
TestCase-109
10
3 3 3 3 3 5 5 5 5 5
3
TestCase-110
10
6 6 6 6 6 6 7 8 9 10
6
