108
TestCase-1
90
76 79 88 125 132 152 199 209 229 258 271 308 326 328 330 345 347 394 425 453 485 492 501 531 551 583 585 601 606 607 627 688 696 706 729 735 744 761 794 848 869 890 891 948 956 970 980 1002 1006 1026 1039 1043 1050 1055 1097 1129 1166 1218 1247 1259 1270 1400 1419 1473 1485 1493 1497 1534 1545 1568 1574 1576 1610 1612 1613 1629 1630 1713 1737 1741 1763 1802 1809 1811 1860 1865 1870 1927 1960 1973
1
1977
5
210 386 485 854 1494
TestCase-2
78
16 63 84 86 104 128 153 156 189 201 212 256 329 397 436 451 452 454 492 540 547 555 565 612 634 641 655 656 732 835 846 850 924 938 955 994 1035 1057 1064 1084 1085 1110 1120 1163 1234 1247 1251 1282 1394 1424 1430 1439 1466 1467 1483 1485 1492 1516 1527 1594 1622 1629 1665 1668 1697 1716 1727 1746 1778 1807 1823 1829 1835 1880 1898 1916 1951 1966
51
6 16 39 77 86 153 156 185 256 288 329 383 542 587 844 871 872 878 880 938 1027 1039 1060 1129 1164 1305 1342 1394 1397 1415 1424 1430 1506 1541 1550 1567 1622 1650 1663 1697 1758 1781 1807 1808 1823 1846 1869 1916 1951 1980 1993
69
5 11 15 16 64 86 98 114 134 153 156 162 168 195 214 228 240 256 267 316 329 344 387 445 453 538 578 594 660 717 744 802 832 852 863 870 917 938 942 946 1090 1151 1164 1188 1292 1380 1384 1394 1397 1424 1430 1459 1496 1530 1564 1622 1652 1683 1697 1774 1792 1807 1816 1823 1912 1916 1951 1973 1975
TestCase-3
63
33 65 79 101 102 120 150 205 250 277 365 368 374 390 400 416 428 436 511 599 650 661 720 763 765 790 826 835 902 905 919 972 986 987 1079 1096 1233 1266 1284 1299 1338 1352 1355 1385 1397 1473 1497 1559 1563 1587 1618 1705 1740 1765 1773 1774 1794 1860 1869 1874 1899 1960 1999
37
79 120 185 250 277 390 400 403 504 535 565 616 654 720 826 931 987 992 1098 1114 1174 1225 1296 1300 1304 1321 1335 1465 1473 1584 1590 1591 1655 1745 1770 1960 1988
104
15 79 93 95 120 141 152 163 174 176 196 204 216 222 224 228 250 259 270 276 277 286 295 302 337 360 364 376 390 400 406 413 415 442 454 471 518 548 561 584 588 613 633 644 653 674 681 684 691 720 754 763 816 821 826 889 907 919 983 987 1002 1010 1018 1023 1048 1096 1166 1189 1213 1226 1339 1368 1418 1428 1429 1455 1456 1473 1474 1477 1509 1513 1514 1527 1549 1599 1603 1612 1624 1694 1740 1753 1773 1787 1811 1836 1878 1895 1903 1914 1915 1930 1960 1997
TestCase-4
89
16 22 26 73 102 103 113 117 145 149 160 193 287 358 392 471 501 543 562 642 721 752 771 773 808 832 870 883 886 891 941 948 955 957 960 970 973 974 983 991 996 1028 1033 1042 1106 1118 1207 1222 1223 1229 1248 1258 1260 1265 1290 1298 1304 1329 1354 1376 1379 1388 1400 1424 1450 1510 1521 1525 1552 1606 1645 1674 1755 1758 1776 1778 1780 1809 1831 1832 1840 1878 1899 1901 1906 1917 1961 1970 1974
59
16 22 53 63 86 107 109 312 319 322 368 392 407 441 461 483 490 514 537 589 621 642 693 727 778 784 833 870 880 1048 1142 1148 1163 1223 1227 1228 1229 1246 1337 1383 1475 1503 1512 1539 1606 1634 1665 1666 1696 1773 1778 1788 1799 1832 1878 1884 1906 1911 1971
42
16 28 158 289 309 363 384 392 396 608 642 724 770 870 981 999 1037 1166 1182 1192 1223 1229 1302 1356 1606 1638 1641 1643 1702 1726 1756 1778 1798 1813 1832 1852 1878 1884 1898 1906 1907 1910
TestCase-5
67
19 44 186 201 285 307 338 347 353 366 368 370 408 457 469 478 500 545 556 562 599 632 633 744 777 810 845 866 900 927 979 994 1070 1071 1080 1091 1103 1105 1110 1122 1173 1180 1237 1248 1288 1312 1330 1369 1378 1381 1462 1478 1500 1511 1527 1543 1546 1556 1568 1721 1793 1801 1815 1850 1958 1962 1998
47
44 112 147 183 246 304 306 308 336 359 408 413 429 477 478 500 534 535 538 556 632 645 703 789 830 1001 1059 1103 1177 1209 1266 1300 1312 1353 1369 1408 1540 1635 1704 1727 1744 1825 1840 1861 1912 1942 1950
105
6 44 55 59 62 75 79 98 103 111 142 152 153 195 232 234 277 298 302 309 344 362 363 408 436 437 441 458 478 498 500 502 520 531 556 598 619 632 663 674 676 708 727 738 749 758 801 802 852 853 855 862 868 884 971 986 1001 1016 1025 1103 1107 1145 1188 1214 1225 1278 1283 1287 1296 1299 1322 1331 1335 1360 1369 1413 1433 1496 1502 1514 1518 1525 1530 1540 1553 1582 1587 1600 1602 1633 1692 1725 1727 1753 1776 1793 1804 1850 1874 1885 1890 1913 1947 1965 1975
TestCase-6
6
272 557 636 1054 1057 1853
40
1 23 41 148 179 192 271 272 284 440 560 569 596 658 751 798 818 861 937 1084 1110 1155 1236 1279 1317 1418 1432 1468 1492 1540 1550 1577 1582 1624 1674 1710 1763 1817 1946 1960
4
465 1116 1118 1813
TestCase-7
55
33 107 113 130 203 256 276 287 290 292 295 309 439 468 512 521 545 556 570 628 671 673 697 704 712 719 789 847 879 891 893 920 955 1035 1156 1157 1232 1236 1331 1338 1359 1394 1416 1521 1538 1572 1598 1665 1729 1756 1792 1798 1836 1855 1866
69
46 69 85 96 127 154 180 186 267 292 338 382 434 472 542 543 589 608 687 697 704 730 772 817 868 891 893 904 937 959 1004 1058 1061 1098 1114 1116 1144 1174 1215 1237 1266 1273 1281 1326 1344 1375 1376 1387 1394 1401 1449 1455 1502 1538 1587 1589 1610 1625 1653 1678 1756 1780 1805 1838 1897 1927 1948 1961 1993
36
15 202 292 355 461 618 635 638 697 704 715 746 780 891 986 1065 1076 1163 1268 1306 1394 1398 1433 1494 1509 1528 1534 1538 1575 1635 1699 1705 1750 1756 1924 1987
TestCase-8
75
83 152 236 260 294 344 383 409 414 423 454 504 510 511 520 522 552 661 706 716 749 838 859 867 875 921 923 939 952 973 1041 1044 1067 1094 1148 1171 1192 1214 1233 1269 1276 1305 1335 1367 1394 1417 1420 1442 1494 1520 1534 1535 1590 1597 1612 1613 1620 1631 1667 1684 1693 1711 1716 1727 1780 1782 1835 1856 1866 1871 1900 1928 1932 1938 1972
95
80 88 93 96 178 255 263 272 289 290 311 359 376 416 422 423 455 457 469 475 515 531 542 547 577 704 731 794 818 870 876 890 891 915 918 922 929 947 1032 1069 1087 1093 1095 1097 1104 1134 1147 1161 1258 1277 1286 1302 1311 1317 1353 1370 1379 1398 1400 1428 1437 1470 1472 1507 1537 1558 1560 1566 1572 1606 1619 1627 1636 1647 1652 1653 1657 1659 1734 1753 1796 1803 1809 1810 1859 1862 1873 1882 1885 1886 1895 1902 1923 1964 1991
50
136 137 172 195 247 295 333 337 350 363 379 396 422 469 476 505 539 700 725 749 760 796 819 839 855 935 955 1011 1047 1088 1167 1224 1227 1301 1404 1432 1470 1480 1488 1553 1647 1705 1719 1739 1811 1848 1922 1950 1954 1982
TestCase-9
55
16 22 35 58 108 179 203 239 243 254 367 415 429 439 477 531 562 576 587 635 636 639 708 745 764 810 860 921 944 949 976 1001 1049 1068 1118 1150 1164 1179 1197 1219 1281 1315 1407 1421 1437 1460 1512 1685 1693 1703 1801 1821 1823 1898 1900
93
3 10 44 49 94 96 104 139 167 175 234 238 240 251 264 308 309 370 439 445 464 472 533 587 624 668 670 676 699 721 745 786 787 805 830 834 850 863 877 920 946 974 987 997 1032 1085 1093 1115 1134 1152 1158 1172 1181 1219 1252 1263 1288 1291 1312 1323 1374 1384 1437 1470 1487 1560 1563 1573 1590 1595 1621 1623 1626 1665 1679 1683 1690 1706 1744 1751 1820 1849 1853 1875 1882 1899 1925 1938 1939 1944 1945 1987 1993
58
17 18 39 46 56 88 123 179 196 244 344 393 439 442 534 579 587 674 684 688 745 757 832 849 915 932 942 951 958 1015 1076 1100 1103 1134 1219 1286 1320 1365 1386 1437 1440 1449 1482 1519 1574 1585 1590 1609 1654 1712 1717 1737 1740 1769 1795 1813 1817 1828
TestCase-10
97
7 13 17 28 37 42 70 71 82 88 89 93 113 130 141 143 160 193 249 325 335 348 367 379 406 412 432 443 469 479 503 522 529 549 575 610 617 621 662 781 811 855 867 877 904 916 960 994 1008 1018 1045 1067 1081 1085 1111 1112 1113 1204 1214 1248 1269 1277 1288 1291 1294 1313 1319 1322 1334 1347 1356 1378 1430 1473 1531 1567 1611 1632 1633 1639 1647 1666 1686 1706 1743 1761 1800 1849 1854 1916 1924 1941 1963 1975 1980 1990 1993
36
3 68 141 198 358 418 434 512 723 753 870 888 944 956 998 1174 1308 1313 1441 1445 1470 1483 1544 1575 1647 1666 1678 1730 1756 1859 1889 1963 1965 1975 1979 1982
52
1 21 36 39 69 141 145 219 258 280 310 344 392 440 455 496 545 568 602 748 777 813 823 887 930 939 968 992 1196 1313 1362 1429 1489 1515 1536 1545 1564 1601 1619 1649 1672 1730 1746 1849 1916 1963 1968 1975 1976 1977 1980 1990
TestCase-11
58
1 63 71 152 209 271 276 286 288 299 315 361 426 442 455 485 505 576 581 595 596 616 678 688 845 872 903 963 1067 1077 1088 1141 1148 1170 1266 1269 1311 1339 1348 1366 1438 1530 1563 1566 1574 1589 1633 1740 1763 1767 1793 1819 1866 1876 1897 1913 1924 1982
54
17 49 64 75 103 175 243 266 329 434 438 467 519 601 667 681 696 709 713 718 742 815 819 845 848 873 902 963 1030 1055 1070 1088 1093 1144 1145 1170 1262 1276 1332 1397 1431 1575 1588 1619 1709 1754 1773 1787 1789 1876 1924 1959 1979 1986
105
2 19 131 132 146 199 242 268 282 309 322 339 344 375 434 469 478 479 483 487 491 511 528 536 540 575 598 610 645 665 680 698 711 730 733 737 745 756 775 784 845 918 943 955 963 978 982 987 995 1082 1088 1112 1120 1166 1170 1184 1222 1237 1281 1294 1301 1330 1335 1336 1350 1360 1361 1379 1407 1409 1419 1420 1471 1476 1486 1499 1502 1537 1546 1554 1555 1581 1585 1621 1625 1645 1657 1684 1708 1753 1768 1772 1776 1779 1790 1826 1829 1839 1848 1876 1898 1904 1908 1916 1924
TestCase-12
9
5 301 584 957 1134 1496 1793 1814 1884
83
16 48 70 98 116 140 160 161 173 239 269 273 284 295 298 301 315 328 337 353 357 407 421 467 533 599 624 632 673 696 703 760 763 767 782 812 828 830 858 936 997 1014 1029 1051 1062 1087 1088 1118 1124 1134 1139 1157 1178 1182 1183 1218 1274 1276 1317 1357 1450 1470 1506 1512 1528 1532 1534 1551 1581 1585 1760 1768 1806 1837 1855 1863 1878 1889 1906 1919 1923 1991 1997
91
37 43 83 90 118 121 176 185 239 240 263 268 277 285 301 337 341 369 379 434 461 474 512 547 585 653 663 690 714 794 843 891 896 911 927 929 969 973 1000 1015 1073 1089 1092 1096 1099 1116 1134 1176 1224 1260 1287 1294 1320 1330 1349 1410 1447 1454 1466 1481 1503 1527 1534 1538 1552 1595 1619 1644 1668 1680 1682 1698 1717 1722 1735 1740 1743 1745 1747 1774 1800 1820 1825 1870 1880 1892 1903 1913 1963 1983 1997
TestCase-13
1
1749
76
55 61 90 109 128 141 143 149 190 202 248 263 277 306 345 353 421 483 503 525 551 563 625 626 706 743 768 800 825 828 832 862 905 925 942 961 964 972 1015 1022 1048 1069 1073 1087 1093 1259 1291 1302 1341 1358 1367 1371 1398 1404 1409 1438 1458 1517 1565 1608 1643 1660 1662 1687 1727 1774 1788 1793 1801 1805 1833 1840 1841 1902 1915 1924
79
20 53 60 81 135 138 146 152 153 259 286 352 365 370 401 423 435 472 476 494 501 505 516 568 579 582 585 615 623 704 708 725 747 843 874 883 889 949 950 1024 1036 1039 1044 1063 1118 1144 1147 1170 1249 1256 1296 1303 1331 1350 1387 1418 1437 1503 1531 1535 1536 1542 1546 1571 1585 1592 1613 1620 1635 1645 1726 1733 1749 1774 1874 1907 1932 1981 1985
TestCase-14
24
114 131 214 238 481 485 498 533 545 623 646 652 718 764 929 954 970 1194 1505 1518 1768 1820 1977 1978
20
82 103 114 214 373 598 603 649 708 792 886 924 930 985 1315 1609 1663 1768 1804 1811
85
12 24 82 107 114 123 148 158 175 191 214 249 267 291 296 305 313 315 321 332 334 388 443 506 529 537 570 628 630 639 654 708 713 748 762 815 828 870 874 910 912 916 925 957 960 1002 1018 1052 1072 1099 1130 1133 1181 1197 1200 1222 1255 1286 1297 1396 1410 1442 1457 1470 1501 1547 1576 1585 1615 1632 1633 1638 1663 1675 1701 1721 1727 1752 1760 1761 1768 1826 1867 1915 1955
TestCase-15
15
53 789 845 862 964 971 1090 1108 1159 1263 1303 1369 1433 1849 1997
72
10 14 29 41 125 214 242 253 275 277 278 286 293 436 497 523 552 557 605 620 653 666 683 721 736 739 745 776 789 845 871 877 892 908 918 938 939 992 1009 1082 1119 1133 1206 1238 1262 1278 1287 1309 1359 1360 1364 1385 1396 1400 1433 1462 1463 1488 1550 1572 1576 1646 1653 1694 1774 1782 1807 1892 1919 1928 1943 1954
85
12 16 42 45 83 85 97 107 134 141 175 198 202 230 261 305 333 358 371 386 443 468 474 521 538 588 599 600 604 619 714 742 778 789 795 835 843 845 868 875 939 942 968 978 1011 1054 1077 1083 1088 1124 1149 1150 1156 1179 1200 1275 1318 1319 1322 1338 1347 1355 1381 1390 1396 1398 1433 1475 1512 1522 1542 1567 1580 1588 1592 1609 1715 1747 1750 1789 1890 1925 1940 1942 1982
TestCase-16
6
186 245 312 910 1205 1394
47
6 107 180 212 230 269 272 333 427 429 447 476 495 496 511 557 569 591 608 627 665 683 729 821 908 930 961 982 1010 1118 1150 1196 1205 1261 1452 1514 1521 1607 1611 1630 1645 1773 1800 1811 1832 1837 1927
15
102 281 332 678 755 852 1010 1116 1205 1207 1330 1432 1706 1780 1904
TestCase-17
84
29 32 43 65 72 90 99 108 164 173 183 210 211 280 286 309 310 374 437 464 466 519 526 565 586 614 655 656 661 670 696 732 756 766 767 798 824 833 836 869 883 911 941 957 975 1003 1007 1019 1056 1060 1098 1245 1278 1286 1302 1351 1375 1394 1410 1424 1453 1529 1565 1602 1608 1656 1674 1698 1741 1742 1748 1780 1788 1792 1793 1832 1834 1841 1873 1901 1935 1951 1963 1996
85
14 32 53 60 72 81 87 115 134 143 167 202 219 221 227 242 295 310 326 363 369 374 389 390 396 414 451 458 529 554 616 634 687 740 766 796 832 851 869 874 940 970 988 997 1004 1020 1024 1121 1139 1145 1182 1188 1216 1222 1227 1252 1259 1260 1274 1278 1288 1297 1328 1348 1375 1445 1453 1462 1473 1543 1608 1651 1669 1674 1693 1742 1788 1793 1846 1884 1901 1927 1935 1968 1976
76
32 72 166 245 310 317 339 374 384 401 410 416 431 433 440 452 461 513 559 619 636 637 731 747 764 766 783 803 812 866 869 894 907 937 948 1053 1056 1074 1107 1161 1198 1232 1245 1278 1285 1327 1335 1356 1375 1410 1453 1479 1493 1509 1512 1530 1535 1592 1608 1657 1674 1689 1706 1735 1742 1788 1793 1831 1841 1853 1901 1935 1942 1966 1967 1998
TestCase-18
51
4 15 29 40 122 130 150 260 282 340 368 387 411 503 516 590 601 605 659 720 849 899 936 955 990 1033 1063 1158 1212 1226 1243 1251 1274 1348 1359 1375 1383 1453 1497 1556 1577 1603 1751 1787 1788 1811 1832 1892 1906 1947 1998
109
79 122 130 178 203 211 235 240 246 248 252 259 260 265 266 315 338 340 356 411 476 490 503 516 605 612 656 668 678 693 698 719 727 763 768 830 835 843 853 889 893 907 908 911 931 939 953 955 956 1006 1025 1063 1069 1085 1087 1099 1151 1155 1212 1213 1219 1220 1223 1235 1250 1251 1261 1262 1319 1335 1337 1348 1356 1396 1415 1420 1453 1480 1496 1514 1530 1567 1576 1577 1582 1611 1612 1663 1680 1727 1765 1766 1786 1787 1794 1810 1811 1818 1844 1853 1854 1856 1875 1889 1905 1939 1966 1991 1998
68
101 122 130 204 209 260 283 287 326 340 389 411 424 434 474 498 502 503 516 544 573 574 605 672 752 753 793 800 872 893 925 948 955 997 1013 1044 1076 1125 1153 1176 1188 1212 1228 1251 1325 1348 1378 1400 1440 1453 1472 1555 1565 1606 1653 1714 1739 1773 1787 1811 1815 1833 1845 1934 1951 1954 1977 1998
TestCase-19
97
38 49 76 96 99 135 136 140 143 148 190 192 227 278 285 287 294 304 329 353 355 361 389 403 455 456 469 512 567 588 599 615 626 646 766 770 789 803 804 806 837 846 880 884 961 967 978 982 1002 1050 1055 1068 1071 1078 1164 1176 1209 1210 1224 1239 1261 1289 1306 1358 1361 1369 1404 1438 1567 1597 1606 1616 1617 1635 1648 1651 1655 1658 1660 1691 1694 1707 1708 1721 1741 1778 1886 1887 1892 1894 1908 1940 1947 1957 1960 1988 1995
95
37 57 59 64 129 140 220 256 266 285 329 353 355 361 376 379 385 389 403 424 442 455 456 497 512 538 549 572 615 678 693 732 736 749 766 770 788 789 797 803 804 823 868 875 930 935 937 967 977 978 1036 1045 1058 1068 1071 1091 1110 1131 1176 1193 1210 1212 1219 1224 1226 1239 1267 1300 1313 1344 1366 1369 1421 1438 1495 1556 1567 1608 1628 1661 1691 1694 1709 1710 1720 1740 1742 1764 1798 1801 1839 1915 1940 1988 1994
93
1 140 202 216 268 285 290 305 329 353 361 385 389 403 418 441 453 455 456 470 512 561 590 595 607 615 654 659 676 681 709 715 729 747 756 766 770 789 803 804 814 884 887 888 912 921 954 967 978 1002 1034 1068 1071 1083 1092 1117 1166 1176 1210 1224 1239 1369 1378 1382 1387 1432 1445 1454 1457 1480 1502 1526 1567 1625 1645 1691 1694 1710 1715 1718 1772 1801 1829 1837 1870 1873 1925 1934 1940 1941 1956 1978 1988
TestCase-20
87
36 38 51 52 54 70 90 120 168 170 180 212 318 343 358 377 394 416 442 445 452 496 514 516 534 542 602 643 658 689 739 768 773 802 803 804 834 849 893 944 1009 1040 1052 1065 1112 1124 1149 1153 1159 1186 1215 1222 1265 1272 1292 1352 1356 1375 1407 1410 1435 1463 1467 1494 1500 1540 1542 1597 1602 1611 1628 1644 1651 1654 1656 1698 1716 1746 1752 1760 1784 1815 1827 1830 1851 1916 1929
44
8 28 93 120 142 156 231 264 358 378 395 404 425 479 496 689 716 750 804 836 951 985 987 1048 1065 1078 1124 1138 1215 1374 1375 1400 1402 1410 1506 1540 1572 1644 1684 1741 1801 1847 1900 1916
59
1 42 58 76 83 100 120 152 247 306 358 391 393 443 495 496 519 689 739 775 804 838 848 859 899 965 969 986 1065 1124 1131 1140 1182 1215 1245 1333 1348 1375 1393 1410 1540 1549 1556 1613 1643 1644 1678 1681 1764 1784 1800 1825 1828 1838 1845 1859 1870 1916 1972
TestCase-21
10
6 40 588 699 1067 1193 1316 1406 1519 1769
27
6 8 47 93 114 133 141 163 491 527 688 719 755 780 820 897 915 940 993 1234 1462 1494 1499 1526 1530 1694 1747
87
13 21 38 61 63 115 132 169 177 179 203 205 213 227 262 282 288 299 307 326 410 413 417 458 522 545 622 629 783 793 830 840 860 881 959 1007 1025 1031 1040 1072 1094 1113 1125 1146 1162 1205 1230 1239 1240 1297 1298 1318 1320 1339 1364 1373 1398 1410 1421 1430 1440 1477 1486 1507 1517 1518 1528 1534 1578 1703 1735 1751 1760 1763 1810 1818 1842 1847 1857 1872 1880 1907 1916 1939 1940 1960 1964
TestCase-22
51
49 57 119 192 194 378 421 438 455 477 491 498 549 571 583 597 653 665 740 776 815 932 950 969 1003 1025 1046 1069 1143 1150 1187 1245 1248 1352 1405 1441 1521 1532 1578 1618 1653 1690 1696 1710 1715 1722 1770 1881 1919 1922 1991
80
8 14 99 143 153 184 194 209 214 230 269 309 318 352 372 395 400 422 428 433 522 537 542 551 558 663 679 680 714 723 800 836 864 901 905 944 954 1048 1061 1078 1167 1180 1241 1242 1248 1264 1290 1313 1362 1378 1400 1401 1471 1474 1485 1487 1532 1550 1556 1563 1568 1585 1587 1595 1619 1643 1678 1731 1749 1756 1786 1797 1799 1820 1827 1857 1862 1877 1881 1943
34
122 153 183 292 336 411 736 807 854 895 920 933 1002 1090 1115 1122 1219 1247 1248 1273 1344 1532 1557 1568 1600 1616 1643 1669 1727 1793 1863 1881 1901 1992
TestCase-23
81
30 85 120 130 208 224 226 318 323 346 362 366 383 384 393 439 452 520 541 543 561 563 564 565 575 686 687 721 732 757 786 789 801 826 842 864 878 910 1015 1027 1032 1037 1081 1093 1095 1132 1171 1218 1236 1257 1291 1303 1306 1313 1386 1391 1411 1454 1500 1501 1504 1570 1574 1587 1594 1618 1637 1672 1675 1730 1769 1784 1787 1814 1823 1869 1898 1900 1927 1954 1986
67
87 91 108 162 169 208 228 280 287 310 312 314 333 365 368 380 388 444 470 549 553 565 585 592 622 654 681 688 700 755 764 858 867 899 917 966 972 981 1045 1065 1092 1113 1121 1130 1146 1226 1290 1328 1340 1354 1389 1405 1452 1466 1496 1525 1601 1605 1614 1639 1644 1647 1649 1778 1826 1973 1988
4
225 859 1003 1530
TestCase-24
78
14 64 74 85 94 106 113 121 122 173 227 293 329 354 363 371 401 404 449 451 456 488 556 563 567 577 584 619 626 642 672 674 692 718 728 736 740 757 832 847 880 905 940 1088 1154 1158 1168 1212 1238 1240 1268 1282 1294 1301 1316 1318 1337 1344 1405 1432 1434 1448 1515 1582 1700 1712 1755 1800 1812 1816 1819 1825 1859 1869 1870 1892 1958 1976
54
10 26 59 66 139 143 159 188 334 345 349 369 460 475 554 574 591 652 726 765 787 841 862 865 882 903 984 1017 1018 1026 1031 1045 1049 1081 1122 1235 1263 1282 1286 1358 1435 1448 1482 1619 1649 1698 1728 1868 1870 1877 1892 1893 1925 1946
39
142 153 193 220 298 304 307 366 368 457 642 677 748 800 856 887 896 945 995 996 1008 1129 1134 1226 1242 1282 1448 1625 1636 1645 1678 1713 1748 1753 1780 1807 1815 1880 1892
TestCase-25
44
104 137 152 159 176 240 257 265 416 524 619 668 676 708 766 866 882 902 907 928 946 1009 1199 1233 1289 1327 1457 1477 1493 1662 1696 1746 1753 1778 1812 1841 1860 1864 1887 1899 1901 1913 1923 1969
97
12 19 47 72 146 152 159 179 223 241 262 288 294 332 343 367 382 439 455 467 475 572 574 599 604 619 622 630 633 650 655 657 668 691 693 724 735 741 763 773 776 788 824 839 842 866 929 947 966 983 1009 1011 1028 1050 1061 1069 1233 1237 1244 1301 1310 1356 1369 1396 1416 1457 1476 1477 1534 1546 1550 1571 1575 1610 1633 1650 1654 1676 1724 1752 1761 1765 1786 1826 1839 1856 1864 1877 1880 1887 1895 1899 1901 1913 1967 1969 1992
47
1 24 38 48 53 98 101 152 159 171 243 254 539 603 611 619 668 732 735 762 848 863 866 998 1009 1080 1098 1129 1206 1233 1288 1309 1411 1457 1477 1514 1528 1543 1589 1695 1769 1864 1887 1899 1913 1969 1986
TestCase-26
76
12 51 88 116 163 225 228 244 324 326 352 362 370 413 430 433 455 461 480 520 532 534 547 550 563 601 645 693 708 748 753 757 759 767 773 799 818 856 867 889 901 906 912 991 1032 1164 1177 1192 1199 1275 1283 1310 1311 1331 1401 1483 1511 1518 1521 1546 1562 1629 1643 1663 1698 1735 1762 1789 1794 1798 1815 1816 1842 1945 1961 1989
75
26 77 80 106 109 124 132 157 244 281 303 307 308 311 314 324 385 447 454 536 564 662 702 732 738 764 788 816 824 832 862 865 898 908 985 1012 1016 1024 1053 1055 1067 1096 1118 1121 1137 1157 1263 1281 1290 1306 1314 1326 1369 1388 1451 1496 1507 1528 1533 1570 1573 1646 1654 1658 1676 1687 1788 1792 1832 1872 1892 1913 1914 1951 1959
11
479 579 991 1072 1118 1401 1407 1413 1524 1566 1653
TestCase-27
62
63 92 113 119 140 209 215 330 332 387 398 427 449 450 471 549 560 567 575 578 604 652 671 673 685 732 788 805 813 843 851 866 889 927 998 1016 1049 1055 1061 1124 1138 1171 1180 1233 1253 1286 1326 1351 1377 1396 1402 1403 1406 1437 1500 1549 1552 1640 1713 1761 1765 1896
43
46 74 92 166 206 351 405 407 450 538 581 604 660 682 689 760 791 891 892 918 936 964 985 999 1049 1102 1114 1138 1169 1187 1229 1278 1348 1406 1502 1506 1579 1595 1644 1687 1761 1814 1959
103
38 92 101 171 178 199 204 254 276 287 291 315 321 337 427 438 444 450 452 462 492 522 526 575 604 647 657 662 665 703 707 708 747 801 803 807 826 827 858 877 954 955 981 1005 1014 1117 1138 1156 1174 1217 1219 1247 1261 1281 1291 1293 1311 1342 1353 1390 1392 1406 1432 1448 1457 1473 1477 1494 1523 1530 1532 1548 1550 1562 1568 1593 1605 1609 1612 1614 1669 1683 1691 1703 1713 1714 1731 1751 1768 1801 1806 1819 1821 1837 1841 1848 1866 1887 1894 1926 1945 1965 1992
TestCase-28
2
573 940
45
25 26 87 159 171 210 215 235 314 348 391 400 408 417 497 508 547 641 680 696 766 776 804 832 861 901 923 926 1032 1061 1127 1201 1305 1433 1450 1485 1644 1649 1719 1785 1883 1892 1898 1899 1966
64
6 13 60 94 176 180 219 258 262 269 275 296 298 308 324 443 444 470 550 558 572 652 670 717 747 754 773 814 835 864 874 942 955 967 1002 1049 1139 1156 1217 1218 1250 1268 1290 1296 1310 1328 1368 1379 1400 1412 1483 1486 1504 1610 1634 1637 1687 1757 1760 1798 1861 1908 1934 1955
TestCase-29
41
127 155 174 218 238 463 546 560 569 624 635 659 662 802 883 908 910 911 1000 1016 1126 1146 1161 1166 1194 1239 1249 1251 1285 1307 1312 1417 1507 1604 1652 1750 1777 1787 1894 1919 1950
96
8 11 24 53 105 108 137 153 160 169 237 251 299 351 374 387 400 444 455 462 487 521 562 566 575 577 584 609 624 628 633 642 694 797 838 888 890 927 936 961 975 977 984 985 1003 1012 1018 1055 1060 1062 1078 1098 1100 1126 1127 1176 1220 1240 1242 1248 1270 1283 1331 1386 1397 1480 1486 1497 1506 1508 1532 1546 1556 1576 1635 1652 1669 1689 1702 1756 1763 1786 1809 1839 1850 1858 1883 1886 1899 1910 1915 1919 1953 1964 1973 1978
56
14 71 203 215 262 265 308 319 508 538 578 624 628 668 686 690 722 729 756 793 870 879 938 943 948 990 1035 1048 1104 1108 1145 1172 1184 1213 1316 1403 1405 1422 1479 1571 1621 1630 1652 1673 1683 1705 1729 1789 1862 1870 1890 1919 1943 1961 1974 1987
TestCase-30
98
6 11 13 45 90 175 202 217 249 320 329 381 388 409 462 479 490 506 528 568 623 636 641 642 646 670 697 700 703 704 751 760 767 794 806 825 828 860 868 874 901 917 918 923 1006 1037 1052 1065 1089 1105 1112 1119 1127 1148 1149 1170 1183 1193 1196 1213 1232 1234 1244 1252 1294 1322 1326 1361 1370 1393 1413 1429 1461 1482 1489 1559 1591 1609 1626 1650 1690 1699 1708 1758 1781 1816 1819 1826 1828 1849 1863 1865 1871 1891 1936 1957 1971 1989
108
83 88 90 118 126 131 162 178 200 201 279 286 305 306 320 457 466 475 478 514 537 545 549 550 560 567 585 587 602 609 615 620 626 635 637 693 698 700 719 740 745 787 794 860 874 876 881 921 923 932 968 986 1004 1060 1070 1146 1158 1168 1175 1183 1186 1187 1239 1243 1267 1268 1284 1333 1337 1341 1361 1370 1373 1386 1403 1413 1439 1448 1450 1542 1554 1577 1583 1616 1618 1638 1642 1650 1682 1711 1747 1757 1758 1767 1782 1787 1794 1804 1813 1849 1863 1871 1900 1929 1939 1948 1975 1981
98
21 54 73 90 180 203 224 257 307 320 324 337 340 402 441 462 482 499 508 513 522 532 536 583 592 615 625 675 700 703 731 794 807 840 860 874 886 900 910 918 921 922 939 943 955 979 993 1010 1024 1036 1042 1055 1068 1074 1125 1127 1183 1236 1239 1290 1305 1310 1331 1334 1345 1347 1361 1370 1394 1498 1524 1536 1547 1557 1570 1588 1592 1602 1633 1650 1659 1718 1730 1743 1748 1758 1772 1783 1787 1802 1811 1832 1849 1871 1904 1908 1968 1982
TestCase-31
31
43 76 146 246 313 344 387 468 488 496 512 574 653 658 720 745 752 754 821 843 889 890 1091 1167 1183 1203 1220 1563 1565 1773 1932
10
94 458 809 817 1025 1147 1191 1309 1842 1967
30
51 126 233 300 344 577 592 638 757 797 860 874 880 900 904 936 1021 1185 1216 1234 1247 1309 1382 1626 1635 1709 1832 1906 1916 1940
TestCase-32
65
6 20 28 100 101 127 158 220 300 317 376 392 405 408 493 500 501 513 527 529 546 591 633 726 728 736 744 783 992 1015 1029 1073 1079 1129 1170 1214 1235 1254 1307 1330 1351 1364 1489 1511 1604 1642 1678 1758 1762 1771 1797 1803 1819 1831 1832 1834 1838 1841 1872 1927 1935 1941 1942 1958 1978
105
17 20 22 35 47 55 60 125 159 167 180 202 213 220 249 276 284 302 376 383 405 408 413 442 528 538 547 576 605 646 655 657 673 706 711 731 736 744 781 782 823 833 856 875 888 897 935 986 990 992 1001 1011 1048 1057 1060 1071 1084 1143 1155 1161 1162 1170 1220 1234 1269 1285 1316 1328 1330 1337 1396 1450 1488 1503 1507 1511 1517 1535 1538 1547 1575 1604 1618 1650 1655 1664 1668 1718 1747 1758 1763 1784 1791 1822 1824 1831 1836 1840 1877 1910 1929 1934 1942 1945 1965
85
8 28 30 43 44 52 54 68 81 101 107 118 131 190 217 220 328 338 353 372 376 396 405 408 427 455 464 483 496 512 513 536 655 701 708 716 730 736 744 786 827 868 881 905 910 935 944 993 1002 1052 1078 1141 1159 1170 1177 1187 1211 1298 1330 1372 1383 1404 1426 1427 1505 1522 1542 1580 1604 1639 1644 1660 1675 1713 1728 1747 1758 1770 1794 1831 1853 1904 1942 1970 1978
TestCase-33
88
2 5 61 67 80 82 151 260 284 319 335 347 384 390 403 481 512 558 570 591 621 687 696 707 725 728 816 827 859 860 877 912 915 929 930 938 948 953 971 1003 1027 1048 1049 1052 1056 1113 1201 1212 1217 1293 1322 1329 1333 1364 1373 1376 1381 1394 1429 1433 1440 1445 1509 1554 1558 1579 1589 1593 1594 1603 1605 1615 1662 1684 1690 1693 1730 1748 1759 1780 1782 1796 1836 1858 1874 1876 1923 1997
42
76 103 155 273 288 334 393 415 423 492 516 747 786 795 828 875 999 1002 1021 1069 1106 1190 1222 1272 1302 1363 1366 1416 1440 1465 1478 1479 1525 1599 1615 1822 1844 1856 1902 1916 1970 1974
17
31 41 182 244 314 431 440 747 761 953 1309 1440 1556 1613 1615 1619 1745
TestCase-34
64
33 44 52 76 119 162 183 197 215 241 317 322 335 366 423 497 506 544 559 568 588 697 731 786 842 851 883 889 893 1007 1013 1018 1035 1041 1154 1182 1184 1198 1238 1298 1312 1315 1318 1350 1411 1417 1473 1506 1524 1581 1589 1592 1684 1685 1695 1727 1800 1804 1847 1945 1964 1985 1988 1989
89
34 40 48 89 148 167 191 215 229 246 289 308 350 380 406 423 428 525 576 611 616 694 697 722 731 761 770 811 816 841 844 856 873 890 924 936 958 960 966 979 990 1039 1055 1058 1073 1082 1120 1133 1135 1168 1197 1207 1255 1265 1267 1299 1324 1356 1378 1384 1406 1423 1426 1473 1489 1516 1521 1561 1581 1592 1621 1646 1655 1666 1677 1681 1708 1712 1743 1758 1761 1786 1792 1854 1891 1936 1945 1950 1974
18
180 215 383 423 472 496 697 933 952 1030 1207 1297 1442 1473 1514 1788 1797 1945
TestCase-35
63
34 103 122 135 138 200 209 287 377 380 428 436 455 564 590 607 676 689 716 723 737 748 750 757 774 847 856 859 868 931 992 1014 1020 1130 1140 1162 1227 1269 1293 1321 1375 1415 1459 1492 1512 1566 1590 1595 1645 1649 1672 1699 1702 1706 1763 1816 1822 1873 1879 1901 1907 1930 1970
48
30 103 150 205 256 267 269 340 410 426 458 463 489 559 566 593 640 676 681 760 818 863 868 924 1054 1130 1131 1162 1222 1269 1293 1352 1379 1459 1501 1512 1523 1559 1645 1685 1706 1753 1796 1873 1901 1907 1920 1956
75
103 125 127 145 190 200 215 230 241 357 394 400 425 428 434 451 457 470 502 534 582 687 705 725 741 815 868 874 960 970 1043 1049 1066 1083 1117 1162 1171 1193 1214 1264 1269 1293 1347 1369 1419 1441 1459 1483 1491 1512 1533 1536 1553 1557 1566 1637 1663 1706 1707 1727 1744 1784 1799 1802 1816 1821 1847 1873 1881 1901 1907 1963 1965 1972 1994
TestCase-36
2
566 1513
19
153 284 308 381 455 473 631 678 704 746 962 1057 1251 1310 1362 1483 1538 1624 1630
30
48 151 201 272 291 403 477 885 894 964 977 1025 1070 1090 1092 1107 1119 1125 1148 1182 1210 1333 1405 1438 1476 1493 1570 1585 1735 1831
TestCase-37
4
445 559 1290 1449
70
3 27 58 66 67 129 185 201 375 392 455 458 489 496 507 536 552 560 585 613 616 656 701 715 721 731 792 801 822 873 891 894 923 983 1012 1070 1116 1124 1162 1171 1173 1189 1207 1234 1280 1285 1296 1315 1324 1352 1357 1362 1372 1374 1409 1536 1561 1570 1652 1681 1685 1730 1735 1740 1789 1814 1898 1900 1923 1990
38
108 279 333 338 340 371 474 507 517 520 649 651 665 686 755 786 795 822 833 876 977 1125 1215 1383 1384 1435 1470 1491 1493 1547 1549 1559 1683 1691 1728 1741 1789 1880
TestCase-38
76
9 33 61 68 134 145 194 209 212 214 222 251 256 266 315 352 372 374 459 471 474 487 551 554 566 589 605 656 694 709 710 738 739 783 810 922 949 1000 1005 1036 1082 1117 1124 1187 1191 1193 1232 1258 1261 1335 1346 1356 1379 1435 1501 1542 1566 1567 1577 1585 1621 1627 1686 1749 1751 1762 1765 1770 1774 1789 1834 1835 1836 1890 1944 1992
99
9 60 72 90 194 225 243 249 264 290 313 362 374 383 393 396 453 470 471 474 476 541 544 551 554 590 609 637 652 661 762 763 776 810 880 896 909 912 934 946 954 956 1018 1027 1079 1086 1098 1117 1155 1164 1193 1232 1261 1263 1264 1284 1306 1311 1355 1363 1369 1370 1379 1380 1414 1463 1491 1494 1500 1501 1516 1533 1566 1568 1580 1597 1599 1635 1657 1701 1713 1714 1723 1725 1746 1749 1765 1767 1769 1792 1795 1822 1824 1843 1844 1851 1859 1891 1948
89
9 55 126 140 156 175 178 186 194 229 256 304 309 374 425 461 471 474 495 510 511 519 551 554 573 581 627 642 645 654 675 699 725 739 742 810 832 849 864 894 925 934 992 1036 1040 1043 1088 1117 1120 1143 1150 1193 1232 1261 1310 1346 1363 1364 1379 1399 1432 1438 1439 1478 1501 1522 1566 1651 1669 1679 1694 1706 1718 1749 1765 1806 1810 1815 1822 1857 1861 1879 1880 1882 1930 1964 1965 1994 1996
TestCase-39
29
28 50 97 139 199 239 264 273 310 367 414 497 537 571 603 719 740 744 857 872 955 1064 1390 1471 1497 1584 1699 1703 1836
46
39 65 92 103 122 139 145 206 295 311 351 400 466 481 516 537 545 571 595 625 659 692 734 748 780 806 848 857 880 917 970 1099 1149 1162 1262 1315 1318 1388 1401 1451 1502 1523 1806 1868 1913 1948
68
47 50 52 63 82 139 145 171 191 207 218 267 268 282 291 350 383 403 422 459 461 512 534 537 568 571 586 590 619 626 628 629 763 766 790 827 829 857 887 906 982 1052 1071 1121 1153 1176 1188 1267 1302 1350 1366 1396 1470 1471 1494 1518 1578 1648 1657 1664 1707 1754 1829 1863 1871 1875 1946 1978
TestCase-40
85
10 39 56 63 103 161 169 211 249 272 289 345 360 391 412 415 419 441 580 616 677 707 726 751 757 766 780 810 863 902 921 924 938 954 979 1013 1020 1026 1034 1070 1115 1138 1151 1161 1178 1207 1218 1286 1292 1300 1301 1306 1320 1337 1361 1363 1364 1376 1388 1399 1408 1417 1418 1437 1443 1472 1509 1516 1532 1574 1644 1648 1684 1704 1711 1822 1840 1855 1869 1874 1898 1940 1942 1947 1955
16
135 198 597 672 721 762 1014 1074 1238 1337 1372 1470 1677 1725 1874 1898
15
5 131 147 394 439 442 620 674 789 1240 1337 1611 1874 1882 1898
TestCase-41
92
14 24 56 94 144 186 198 236 240 253 290 291 387 412 418 474 478 499 522 530 538 548 586 591 607 609 621 654 682 697 718 782 808 883 889 902 922 965 968 998 1002 1033 1038 1043 1046 1052 1076 1149 1183 1186 1209 1212 1216 1235 1236 1271 1298 1302 1335 1337 1345 1347 1372 1384 1386 1408 1425 1457 1492 1493 1512 1531 1532 1561 1563 1572 1583 1589 1620 1687 1707 1727 1743 1769 1787 1810 1893 1908 1942 1944 1952 1978
99
27 55 58 78 87 94 144 147 180 257 278 296 350 368 373 387 397 405 438 439 481 484 503 517 586 592 614 616 640 701 715 739 782 814 823 834 835 900 941 965 988 1010 1022 1025 1094 1156 1197 1230 1233 1256 1259 1285 1288 1303 1318 1325 1347 1349 1364 1370 1377 1386 1434 1450 1472 1477 1497 1505 1523 1545 1551 1583 1589 1594 1602 1650 1697 1702 1712 1726 1735 1750 1761 1772 1789 1794 1795 1803 1868 1880 1885 1895 1898 1908 1910 1953 1957 1961 1997
49
16 43 124 144 157 161 202 207 308 387 395 416 472 536 549 553 582 586 667 686 705 706 782 803 830 944 1046 1088 1347 1366 1397 1429 1470 1490 1521 1546 1577 1583 1688 1690 1730 1755 1767 1816 1829 1844 1908 1931 1999
TestCase-42
90
7 29 72 78 88 106 137 144 145 171 177 215 222 242 273 275 304 332 353 364 375 391 392 406 419 432 462 463 467 518 525 531 553 555 580 644 707 724 840 847 851 856 876 882 893 930 942 978 1011 1014 1021 1028 1054 1092 1105 1132 1147 1163 1175 1185 1195 1265 1288 1298 1324 1325 1354 1375 1378 1432 1498 1511 1519 1560 1638 1639 1721 1740 1757 1793 1827 1832 1849 1874 1881 1891 1915 1922 1925 1953
92
7 27 29 32 107 137 139 146 171 193 205 261 277 286 289 300 312 377 396 411 462 475 516 531 570 585 618 642 647 664 665 685 697 776 801 807 810 908 920 939 956 986 994 1034 1073 1102 1127 1160 1188 1195 1205 1219 1260 1286 1298 1353 1374 1400 1409 1412 1483 1502 1510 1552 1558 1596 1600 1618 1620 1623 1625 1626 1640 1653 1692 1727 1737 1739 1740 1753 1757 1773 1777 1791 1793 1818 1910 1920 1922 1930 1997 1999
59
7 29 49 171 181 183 209 222 238 261 436 492 500 531 590 600 726 819 861 893 908 923 924 948 1013 1057 1087 1145 1187 1193 1194 1195 1298 1367 1433 1479 1531 1565 1605 1611 1644 1665 1668 1679 1696 1699 1704 1735 1740 1751 1757 1783 1793 1799 1862 1886 1904 1922 1945
TestCase-43
39
31 40 104 125 127 134 137 252 307 446 465 539 592 604 706 767 824 834 868 878 1013 1120 1174 1221 1252 1282 1407 1417 1426 1502 1543 1559 1607 1654 1738 1745 1755 1793 1948
38
31 42 125 162 166 446 588 606 629 664 706 712 723 724 767 796 832 870 938 1174 1221 1252 1399 1417 1420 1426 1429 1494 1543 1578 1672 1740 1743 1745 1844 1967 1995 1997
44
31 125 143 209 262 388 438 446 455 496 569 585 597 625 706 749 767 804 886 913 1000 1119 1134 1174 1183 1221 1246 1252 1320 1340 1359 1417 1426 1444 1482 1537 1543 1595 1661 1745 1794 1825 1852 1873
TestCase-44
11
171 194 536 861 1060 1324 1716 1798 1831 1838 1914
64
12 15 41 46 85 110 144 166 191 221 230 244 249 257 266 277 283 288 293 310 318 334 385 411 428 438 452 459 522 543 575 612 630 662 705 787 788 833 846 883 919 1060 1061 1082 1095 1099 1136 1183 1188 1260 1402 1462 1501 1669 1788 1804 1812 1828 1855 1863 1909 1924 1987 1994
7
1060 1183 1194 1404 1752 1835 1953
TestCase-45
30
54 156 172 183 422 680 710 712 719 760 803 849 1006 1081 1104 1165 1299 1310 1322 1340 1384 1569 1608 1696 1714 1743 1783 1963 1976 1978
46
100 124 127 170 228 304 380 387 414 452 464 519 571 593 680 822 831 849 883 898 900 929 951 995 1035 1068 1125 1157 1180 1209 1322 1468 1516 1528 1584 1603 1648 1682 1810 1812 1849 1851 1898 1942 1963 1975
85
24 26 41 77 82 172 173 201 214 215 217 229 265 268 270 308 310 323 345 390 394 406 451 462 499 534 603 626 647 661 680 695 713 756 768 821 849 873 880 910 947 969 1068 1093 1145 1152 1178 1300 1322 1327 1335 1338 1352 1355 1371 1459 1460 1503 1504 1515 1520 1521 1566 1596 1637 1648 1654 1663 1671 1717 1725 1732 1737 1742 1772 1781 1799 1833 1837 1852 1857 1866 1913 1928 1963
TestCase-46
40
43 56 142 201 238 262 265 337 376 397 400 408 507 547 598 628 650 658 726 805 872 984 1106 1122 1190 1195 1208 1275 1277 1407 1423 1489 1526 1532 1632 1718 1748 1787 1791 1974
14
245 542 567 593 597 805 914 1120 1190 1195 1225 1470 1768 1920
67
15 17 19 28 39 93 222 228 296 325 332 351 374 375 393 403 428 471 475 564 604 633 719 735 736 740 754 763 805 813 828 877 933 940 1018 1032 1112 1150 1190 1195 1242 1372 1374 1397 1424 1440 1491 1507 1550 1555 1571 1654 1687 1728 1745 1758 1809 1818 1831 1834 1847 1891 1902 1903 1909 1921 1938
TestCase-47
54
25 44 47 73 74 94 103 125 128 193 201 218 247 258 325 327 361 362 394 400 412 478 556 596 598 716 824 937 940 951 966 985 1084 1101 1104 1121 1152 1168 1195 1255 1274 1339 1352 1397 1483 1564 1672 1690 1700 1721 1777 1889 1966 1985
85
15 34 39 43 47 73 94 95 152 193 204 228 232 235 247 250 254 256 258 266 307 352 361 385 399 400 405 412 425 448 489 506 525 536 593 596 628 645 680 739 758 792 797 806 919 926 937 948 1041 1051 1077 1084 1090 1097 1121 1140 1156 1193 1203 1233 1274 1281 1285 1291 1298 1336 1344 1352 1546 1547 1562 1564 1575 1639 1650 1668 1690 1700 1723 1744 1788 1952 1958 1989 1999
112
34 43 47 53 73 84 90 94 134 172 193 213 221 247 258 266 298 306 336 346 349 351 361 367 379 396 400 412 433 446 458 466 482 494 509 517 518 535 545 550 582 596 599 634 645 692 700 708 723 725 732 740 779 787 817 861 890 910 923 936 937 951 969 984 987 999 1064 1083 1084 1091 1093 1121 1122 1128 1145 1173 1177 1186 1191 1237 1274 1284 1298 1299 1306 1325 1329 1352 1465 1480 1493 1564 1582 1600 1614 1690 1700 1707 1719 1747 1766 1771 1794 1800 1802 1827 1846 1852 1918 1933 1969 1995
TestCase-48
61
20 24 30 55 83 86 102 117 124 262 291 323 339 420 421 498 499 567 592 639 656 677 697 789 798 836 864 888 892 895 916 952 1009 1023 1040 1044 1048 1062 1079 1165 1289 1314 1315 1357 1389 1427 1443 1450 1526 1562 1590 1602 1641 1644 1694 1719 1796 1893 1980 1987 1993
4
1184 1265 1470 1900
23
23 47 73 82 128 309 381 428 501 526 601 605 871 985 1025 1199 1220 1237 1374 1457 1553 1642 1753
TestCase-49
72
55 140 206 218 265 283 309 333 346 355 364 387 404 428 442 483 547 557 601 605 608 662 692 726 729 731 734 757 795 810 885 925 931 933 951 968 999 1026 1060 1066 1109 1115 1194 1273 1291 1401 1450 1479 1486 1599 1609 1618 1633 1634 1658 1710 1716 1717 1721 1726 1743 1755 1756 1757 1765 1779 1816 1867 1881 1958 1975 1983
80
60 68 75 89 104 116 137 164 203 206 221 283 285 294 295 301 306 309 365 403 428 447 536 550 605 632 645 726 741 745 841 923 930 931 1036 1048 1052 1088 1111 1113 1132 1145 1159 1181 1216 1248 1259 1279 1299 1307 1310 1327 1344 1387 1421 1432 1459 1476 1514 1536 1565 1580 1608 1609 1622 1624 1629 1651 1671 1683 1695 1709 1717 1796 1832 1833 1885 1902 1949 1999
59
9 32 79 101 106 115 121 138 151 206 283 309 340 394 428 482 483 605 639 726 735 750 796 840 863 894 931 948 1034 1108 1109 1142 1368 1372 1378 1391 1394 1483 1496 1499 1519 1528 1569 1597 1609 1627 1684 1696 1717 1738 1749 1766 1794 1807 1866 1890 1939 1958 1966
TestCase-50
28
1 32 132 182 278 391 413 510 574 581 758 808 878 931 1065 1082 1238 1250 1299 1360 1479 1533 1708 1744 1774 1848 1951 1982
67
33 34 78 116 182 189 204 216 287 294 309 324 330 366 373 390 395 403 420 430 485 525 615 620 633 635 731 783 810 878 919 929 938 1001 1020 1043 1047 1082 1088 1147 1202 1224 1238 1245 1250 1299 1310 1342 1360 1397 1426 1436 1461 1479 1480 1482 1529 1570 1612 1633 1751 1806 1816 1817 1905 1941 1982
41
70 182 188 266 279 298 427 430 460 579 590 610 687 788 809 878 936 940 949 970 1005 1082 1103 1151 1165 1182 1238 1299 1360 1366 1382 1426 1479 1574 1596 1668 1758 1763 1834 1907 1931
TestCase-51
26
14 88 104 162 172 279 280 363 546 658 748 819 898 1020 1055 1074 1092 1233 1292 1397 1553 1628 1641 1649 1690 1942
18
135 172 188 321 436 531 546 664 788 819 1009 1036 1292 1298 1543 1641 1801 1965
58
49 53 93 120 122 142 163 167 172 215 221 247 263 276 289 318 367 458 546 564 609 645 755 767 799 819 960 962 968 974 1059 1064 1070 1088 1102 1115 1127 1170 1210 1266 1286 1292 1388 1602 1605 1624 1636 1640 1641 1686 1695 1782 1792 1908 1912 1933 1993 1995
TestCase-52
38
65 70 161 190 226 258 269 331 351 446 489 509 558 616 632 750 977 989 1065 1160 1175 1222 1289 1315 1384 1471 1532 1533 1617 1627 1665 1753 1758 1759 1812 1824 1885 1977
29
1 261 275 290 351 426 427 576 629 732 826 869 923 1003 1065 1159 1191 1204 1222 1234 1271 1319 1332 1532 1533 1584 1619 1769 1869
27
88 330 358 453 562 612 686 879 1011 1018 1076 1098 1145 1222 1430 1440 1449 1517 1532 1533 1550 1573 1647 1690 1706 1758 1910
TestCase-53
89
16 69 70 72 79 161 187 190 219 230 233 234 242 270 273 300 330 341 346 363 367 381 394 425 456 466 478 505 511 527 539 575 597 603 618 639 642 660 662 663 698 700 750 778 791 794 808 847 865 887 964 977 1003 1104 1125 1167 1200 1213 1234 1237 1288 1311 1337 1375 1416 1418 1436 1473 1507 1508 1513 1534 1543 1567 1598 1599 1604 1628 1636 1640 1699 1758 1786 1847 1852 1858 1923 1949 1974
83
16 65 69 72 117 169 190 197 208 233 289 298 373 375 412 432 451 456 472 480 494 536 543 603 639 662 663 664 665 700 740 759 785 863 872 924 931 946 948 969 971 1000 1005 1029 1081 1092 1100 1104 1132 1142 1182 1210 1260 1280 1283 1294 1328 1343 1377 1395 1432 1448 1479 1486 1496 1507 1513 1567 1604 1628 1636 1665 1684 1696 1770 1786 1847 1855 1857 1905 1932 1938 1963
93
16 69 72 73 118 122 150 161 165 167 173 179 181 189 230 233 244 245 254 259 276 291 380 456 486 520 539 578 586 603 639 662 663 669 679 681 682 700 704 706 875 924 947 948 1014 1104 1105 1119 1251 1254 1275 1281 1308 1309 1347 1366 1375 1392 1396 1445 1478 1487 1491 1494 1507 1513 1530 1582 1599 1604 1609 1616 1621 1628 1636 1640 1645 1669 1675 1687 1691 1717 1741 1786 1814 1817 1847 1874 1883 1884 1914 1927 1948
TestCase-54
89
14 52 69 73 145 254 285 304 310 319 320 457 467 468 470 479 481 484 494 511 538 554 615 619 666 750 784 796 799 802 858 870 880 882 904 913 918 948 953 1011 1046 1066 1069 1096 1127 1175 1194 1200 1210 1237 1244 1248 1251 1274 1293 1327 1341 1367 1378 1379 1380 1392 1477 1521 1551 1554 1567 1597 1603 1613 1619 1621 1638 1666 1696 1699 1713 1721 1745 1797 1800 1806 1810 1822 1835 1852 1856 1893 1953
47
21 49 55 74 91 94 97 180 324 354 477 481 484 521 522 525 666 815 858 869 870 882 898 949 1033 1108 1210 1271 1433 1446 1462 1465 1482 1535 1572 1577 1597 1689 1777 1797 1798 1816 1823 1904 1927 1964 1969
101
39 46 110 125 168 237 275 287 303 306 329 337 339 345 374 408 441 465 481 532 555 562 590 607 613 620 622 646 655 666 668 677 702 721 743 765 796 825 858 859 882 892 900 945 950 1047 1077 1078 1114 1117 1157 1162 1175 1180 1210 1222 1252 1260 1263 1299 1311 1312 1315 1319 1324 1342 1346 1361 1383 1390 1417 1433 1443 1444 1450 1468 1485 1493 1504 1517 1536 1597 1640 1662 1681 1697 1712 1739 1757 1771 1798 1824 1843 1849 1875 1907 1910 1915 1919 1952 1972
TestCase-55
25
113 296 358 435 459 461 463 474 493 662 677 721 753 940 1014 1054 1067 1088 1285 1486 1682 1785 1802 1863 1960
83
57 100 112 128 161 165 167 256 259 269 318 349 371 411 426 442 443 455 459 493 500 594 601 632 660 664 677 689 694 721 730 735 760 829 838 849 865 890 940 954 965 1001 1003 1024 1029 1081 1090 1116 1133 1216 1230 1256 1292 1299 1323 1325 1354 1356 1382 1400 1494 1544 1554 1568 1589 1619 1642 1649 1679 1734 1749 1756 1808 1810 1825 1829 1830 1854 1863 1960 1971 1977 1996
101
4 16 20 43 55 113 122 155 156 159 209 216 241 251 275 304 332 334 364 379 410 416 429 434 459 461 473 493 505 511 530 532 563 578 604 606 671 677 693 703 713 721 762 774 779 786 795 815 855 859 868 875 901 916 922 934 940 947 980 986 1017 1067 1087 1095 1100 1105 1109 1110 1111 1122 1140 1141 1154 1156 1162 1165 1184 1231 1241 1247 1258 1321 1354 1359 1402 1462 1469 1485 1486 1487 1633 1639 1702 1727 1737 1776 1802 1863 1919 1960 1986
TestCase-56
5
655 712 1318 1358 1679
12
272 497 744 897 938 1049 1394 1410 1662 1745 1942 1958
54
9 27 96 131 148 174 182 215 222 250 257 291 415 458 484 505 567 621 637 680 690 736 861 870 877 941 972 1039 1084 1089 1100 1109 1122 1169 1194 1217 1241 1247 1280 1322 1358 1362 1408 1447 1449 1604 1676 1801 1870 1871 1875 1914 1952 1983
TestCase-57
56
4 19 67 96 106 132 157 179 193 202 263 365 381 404 424 442 485 509 512 515 523 526 534 539 596 688 694 719 758 809 840 937 1063 1162 1267 1303 1328 1337 1345 1356 1426 1472 1475 1477 1480 1497 1504 1506 1512 1560 1573 1630 1862 1864 1890 1924
64
67 68 132 165 193 338 357 377 381 387 416 418 423 424 469 495 510 512 539 661 777 817 838 843 854 889 906 947 955 1089 1109 1132 1159 1162 1232 1267 1312 1328 1356 1392 1402 1469 1488 1491 1504 1520 1579 1648 1732 1789 1794 1796 1838 1840 1864 1880 1890 1928 1930 1947 1990 1992 1994 1999
68
1 15 41 67 93 132 140 177 181 184 193 194 225 378 381 424 427 450 512 517 539 595 791 814 836 893 908 920 929 942 973 989 997 1034 1036 1041 1049 1065 1162 1183 1267 1319 1323 1328 1356 1378 1379 1397 1477 1483 1497 1504 1562 1709 1735 1760 1768 1773 1784 1840 1856 1864 1873 1877 1884 1890 1901 1952
TestCase-58
33
8 239 252 266 340 534 589 651 688 703 739 790 820 823 847 1001 1005 1147 1261 1344 1366 1416 1452 1474 1527 1562 1594 1600 1624 1734 1856 1885 1890
85
8 29 38 90 124 133 143 178 194 204 259 266 283 291 297 322 328 367 370 408 471 511 526 543 589 609 628 655 663 700 742 752 768 776 867 908 946 967 969 978 984 993 1031 1044 1051 1082 1092 1144 1161 1197 1199 1226 1230 1252 1253 1309 1334 1348 1375 1396 1404 1433 1450 1551 1591 1607 1613 1625 1635 1654 1660 1688 1713 1727 1753 1782 1791 1818 1829 1856 1863 1875 1884 1890 1943
43
8 72 73 93 94 190 266 336 414 575 578 589 655 698 727 795 811 834 856 866 895 1029 1079 1247 1258 1282 1400 1414 1430 1496 1597 1659 1725 1750 1785 1815 1832 1856 1873 1890 1894 1949 1965
TestCase-59
45
47 85 217 221 229 299 319 366 403 523 557 574 584 672 699 714 717 773 847 933 963 985 1072 1094 1101 1113 1168 1266 1270 1326 1339 1379 1387 1433 1464 1575 1607 1724 1750 1785 1786 1812 1830 1874 1889
10
89 352 363 384 399 957 1329 1654 1663 1788
91
6 27 47 109 133 145 157 178 179 186 209 212 276 299 325 354 356 359 400 435 448 480 489 539 581 587 588 628 644 661 699 705 725 752 760 769 789 803 859 893 904 958 971 975 994 1017 1018 1052 1109 1116 1119 1137 1167 1186 1220 1237 1254 1305 1333 1334 1371 1427 1430 1431 1449 1468 1472 1510 1511 1526 1530 1550 1631 1638 1644 1673 1691 1700 1744 1746 1747 1760 1766 1775 1809 1826 1828 1855 1947 1975 1992
TestCase-60
11
347 486 551 556 659 665 1094 1253 1680 1699 1867
91
3 7 16 23 54 55 64 66 98 113 114 127 133 145 151 256 269 277 279 286 302 316 366 429 486 507 527 551 554 578 665 676 697 709 719 740 773 798 803 808 891 896 903 904 905 924 931 939 949 1024 1055 1063 1085 1093 1112 1120 1145 1190 1195 1216 1278 1284 1293 1313 1320 1352 1367 1417 1472 1512 1535 1553 1557 1563 1584 1615 1674 1676 1688 1691 1721 1723 1736 1759 1761 1792 1809 1827 1859 1912 1945
63
4 5 22 40 63 101 201 225 344 361 414 422 423 426 443 486 501 509 534 584 665 695 698 717 725 752 771 811 824 836 856 936 962 964 995 1004 1011 1019 1026 1121 1123 1137 1154 1188 1251 1271 1339 1369 1389 1390 1434 1441 1457 1501 1535 1586 1617 1720 1755 1822 1853 1949 1990
TestCase-61
48
133 144 147 156 281 289 390 423 533 535 544 560 620 653 678 748 750 758 780 786 797 868 872 930 1057 1101 1139 1179 1190 1227 1228 1298 1303 1333 1396 1405 1446 1549 1565 1669 1735 1791 1824 1872 1895 1956 1972 1977
107
10 13 18 76 94 118 133 143 167 209 222 243 281 286 326 335 367 386 445 458 480 494 497 501 513 533 535 544 620 634 653 674 697 712 747 753 756 782 836 839 845 851 852 868 875 892 903 926 976 995 1014 1020 1025 1026 1034 1036 1039 1040 1046 1048 1057 1062 1064 1076 1079 1081 1138 1147 1160 1261 1268 1312 1327 1376 1378 1405 1417 1433 1436 1446 1456 1482 1488 1499 1503 1508 1549 1550 1564 1569 1616 1657 1663 1702 1784 1789 1791 1804 1820 1824 1827 1830 1872 1935 1945 1972 1977
61
67 101 241 281 291 295 409 424 445 509 533 535 544 620 653 660 708 711 724 845 868 944 951 1012 1033 1057 1063 1099 1109 1126 1129 1225 1231 1266 1319 1356 1405 1424 1437 1446 1449 1526 1529 1619 1624 1714 1737 1756 1791 1824 1830 1831 1842 1869 1871 1872 1881 1882 1894 1972 1977
TestCase-62
8
30 333 385 390 509 1536 1746 1813
38
64 73 125 289 370 435 558 580 661 688 825 965 1011 1124 1197 1206 1208 1222 1342 1346 1388 1395 1409 1417 1426 1429 1469 1484 1552 1722 1742 1794 1847 1853 1920 1921 1932 1970
33
22 137 391 431 455 547 582 679 701 714 769 830 1006 1094 1130 1193 1236 1302 1318 1416 1423 1458 1462 1512 1631 1681 1745 1791 1813 1895 1899 1906 1939
TestCase-63
36
70 83 114 147 366 387 399 457 478 569 630 690 725 996 1027 1028 1090 1103 1140 1161 1218 1224 1339 1432 1489 1502 1524 1527 1538 1569 1570 1616 1629 1727 1758 1956
48
10 77 91 141 211 312 338 378 419 439 468 558 592 596 766 883 891 963 1008 1033 1040 1112 1147 1176 1257 1266 1279 1288 1296 1306 1329 1346 1417 1418 1423 1438 1479 1501 1507 1540 1543 1545 1671 1860 1893 1949 1954 1986
2
1509 1864
TestCase-64
10
23 48 69 355 366 452 1443 1535 1761 1949
14
48 69 479 788 789 1159 1363 1416 1542 1774 1782 1915 1934 1949
49
48 57 69 94 145 186 249 260 331 505 509 519 565 566 579 689 708 900 920 937 959 985 1021 1025 1078 1135 1137 1157 1288 1290 1342 1458 1515 1525 1539 1583 1588 1609 1610 1688 1725 1752 1805 1809 1838 1841 1942 1949 1956
TestCase-65
29
54 123 188 285 355 380 410 573 636 649 665 717 795 809 1129 1141 1428 1499 1504 1579 1604 1700 1747 1779 1822 1923 1933 1940 1966
22
123 128 260 280 368 410 696 707 761 851 1027 1269 1275 1350 1351 1504 1579 1632 1702 1744 1858 1984
72
43 55 78 107 123 132 187 213 230 249 259 307 317 352 360 375 382 392 410 477 499 504 549 591 646 714 738 739 758 786 789 816 844 868 874 882 927 964 969 975 979 987 1008 1022 1045 1082 1086 1142 1206 1244 1257 1259 1316 1393 1402 1406 1440 1477 1483 1493 1504 1527 1562 1566 1574 1579 1584 1609 1630 1858 1909 1948
TestCase-66
48
14 51 59 84 101 308 382 428 446 450 465 473 492 583 585 593 775 806 885 886 924 931 953 1046 1048 1058 1146 1152 1192 1212 1239 1252 1269 1358 1417 1426 1428 1457 1479 1480 1486 1503 1699 1728 1746 1831 1837 1936
51
8 45 51 59 63 70 101 109 133 305 326 428 465 524 535 560 571 725 747 774 790 800 835 919 963 988 1034 1150 1196 1202 1204 1212 1215 1252 1258 1344 1411 1417 1428 1457 1469 1486 1511 1535 1590 1645 1663 1746 1780 1784 1874
62
32 34 51 59 61 93 101 206 316 343 393 423 428 447 465 478 666 668 676 681 682 685 809 821 849 1041 1071 1124 1140 1152 1212 1251 1252 1259 1286 1314 1350 1391 1417 1420 1428 1446 1457 1460 1494 1511 1545 1562 1574 1597 1602 1639 1683 1746 1762 1805 1816 1827 1881 1902 1903 1947
TestCase-67
11
276 449 796 845 856 917 1013 1049 1341 1779 1876
8
217 313 992 1183 1309 1738 1787 1841
80
21 26 36 54 148 175 195 240 251 252 312 341 349 412 424 428 459 465 501 502 503 508 524 538 543 617 703 770 846 850 860 861 864 866 877 878 915 1064 1085 1090 1091 1099 1120 1140 1158 1166 1172 1202 1203 1279 1283 1307 1318 1345 1365 1372 1425 1448 1455 1456 1466 1479 1486 1511 1527 1564 1585 1692 1707 1749 1753 1794 1823 1833 1853 1868 1890 1919 1946 1992
TestCase-68
37
160 342 402 551 581 584 605 699 712 724 744 747 772 796 933 965 1040 1072 1135 1137 1166 1167 1277 1307 1344 1369 1393 1412 1494 1550 1603 1685 1773 1860 1878 1883 1906
91
8 21 115 117 160 161 178 245 269 280 321 324 349 356 379 386 392 395 402 418 459 485 527 542 581 603 641 649 676 684 709 744 764 772 789 809 848 896 956 965 975 1000 1001 1035 1040 1052 1072 1079 1119 1127 1164 1186 1196 1238 1272 1277 1288 1294 1307 1320 1344 1363 1369 1370 1458 1479 1489 1500 1505 1522 1562 1586 1604 1626 1671 1694 1707 1735 1736 1747 1796 1860 1870 1906 1910 1920 1925 1941 1963 1986 1998
88
139 160 163 322 341 356 392 402 417 449 472 475 490 513 556 568 576 668 728 733 752 763 772 782 783 786 816 854 881 889 917 935 943 958 965 1022 1034 1040 1057 1059 1072 1097 1138 1209 1225 1260 1275 1277 1307 1344 1369 1384 1388 1421 1471 1478 1492 1497 1500 1529 1552 1568 1587 1650 1683 1688 1702 1717 1718 1719 1736 1749 1758 1770 1775 1802 1806 1807 1841 1849 1858 1860 1906 1913 1953 1978 1980 1995
TestCase-69
99
30 31 35 37 41 60 61 82 89 90 95 110 113 139 163 176 182 185 207 253 273 281 289 304 316 321 328 331 334 344 355 392 404 405 502 507 540 569 582 644 703 707 736 747 750 759 796 818 855 900 918 927 985 991 1015 1017 1028 1036 1038 1057 1061 1110 1155 1169 1186 1212 1264 1303 1368 1370 1398 1413 1421 1444 1490 1497 1504 1507 1556 1557 1594 1626 1634 1658 1660 1674 1686 1703 1704 1741 1758 1797 1834 1877 1890 1906 1913 1970 1981
63
2 54 75 89 155 160 266 309 321 336 344 375 377 415 418 460 520 581 614 649 653 667 701 711 795 809 814 841 898 903 934 945 1013 1033 1135 1166 1171 1211 1212 1216 1235 1244 1248 1294 1311 1332 1355 1376 1407 1466 1508 1633 1634 1723 1750 1815 1821 1872 1939 1943 1953 1961 1965
40
89 197 269 344 442 453 460 508 510 521 523 530 580 616 634 673 751 755 778 814 979 1007 1208 1212 1229 1238 1286 1315 1410 1458 1467 1476 1561 1634 1661 1715 1798 1839 1958 1984
TestCase-70
44
18 45 77 99 148 231 233 416 460 477 492 608 612 788 793 863 914 1012 1060 1079 1140 1160 1163 1178 1221 1228 1254 1264 1276 1334 1338 1374 1524 1569 1658 1661 1675 1701 1751 1755 1798 1817 1927 1972
28
29 45 102 129 387 409 611 685 758 772 874 881 969 985 1052 1117 1196 1281 1311 1360 1400 1485 1517 1613 1714 1736 1742 1788
87
45 61 134 159 161 184 204 208 305 328 343 363 379 426 440 541 548 553 557 591 618 628 641 645 689 690 707 718 729 736 737 741 751 768 775 913 930 933 935 937 942 945 985 1004 1007 1021 1064 1124 1127 1146 1178 1181 1221 1261 1264 1265 1328 1339 1344 1358 1368 1415 1420 1447 1458 1500 1512 1521 1533 1535 1537 1543 1546 1574 1599 1611 1648 1732 1733 1776 1787 1816 1876 1904 1913 1956 1968
TestCase-71
47
13 16 49 59 67 73 117 223 244 295 334 384 413 435 444 472 518 548 620 630 646 674 714 969 1005 1041 1062 1126 1187 1213 1230 1277 1366 1380 1443 1463 1500 1520 1524 1555 1622 1652 1661 1694 1754 1810 1991
61
36 39 87 91 96 129 182 223 332 349 371 374 381 438 521 546 574 590 607 640 666 682 700 710 763 775 791 846 1000 1068 1154 1163 1177 1184 1226 1227 1237 1253 1258 1305 1350 1361 1399 1417 1483 1505 1517 1520 1564 1577 1582 1626 1639 1652 1664 1673 1715 1793 1817 1922 1984
11
12 68 125 223 843 1084 1363 1483 1488 1520 1652
TestCase-72
15
8 122 156 566 739 993 1084 1202 1231 1435 1533 1607 1619 1631 1637
43
34 54 118 135 212 223 242 306 495 497 543 553 635 645 687 942 952 956 1048 1071 1111 1205 1211 1236 1342 1371 1425 1480 1490 1540 1551 1580 1648 1672 1696 1731 1741 1833 1835 1836 1839 1907 1922
52
49 58 62 72 83 87 110 160 166 173 229 244 306 400 410 424 430 469 594 650 678 706 730 741 889 939 945 1011 1094 1127 1139 1146 1181 1292 1323 1337 1378 1414 1434 1445 1530 1542 1558 1560 1582 1628 1703 1776 1838 1878 1881 1906
TestCase-73
94
40 50 80 104 125 128 134 144 197 228 256 301 310 334 389 405 422 455 469 507 519 525 535 541 579 585 603 605 626 627 669 677 689 693 697 711 747 764 822 831 843 860 864 867 916 927 946 1018 1028 1036 1043 1054 1056 1073 1087 1088 1090 1107 1124 1142 1145 1150 1191 1230 1239 1253 1294 1317 1345 1349 1354 1360 1367 1408 1505 1517 1530 1571 1634 1636 1701 1780 1812 1814 1831 1854 1865 1867 1870 1877 1897 1898 1943 1991
84
7 42 44 78 84 93 106 206 282 298 305 334 360 379 383 434 457 477 524 554 585 590 641 666 677 679 689 693 743 774 799 843 846 880 910 916 938 973 992 993 1018 1036 1042 1054 1086 1090 1095 1096 1161 1179 1217 1231 1250 1278 1306 1315 1400 1410 1455 1475 1514 1530 1574 1578 1579 1596 1622 1652 1656 1676 1719 1763 1827 1841 1850 1859 1862 1886 1888 1895 1918 1951 1956 1963
49
32 70 196 232 316 334 343 352 361 372 374 389 585 628 689 693 803 832 841 843 855 875 916 983 1018 1036 1054 1090 1106 1117 1132 1144 1185 1217 1246 1277 1301 1370 1461 1476 1530 1556 1562 1621 1731 1774 1822 1832 1945
TestCase-74
40
19 30 76 89 151 265 367 369 389 428 512 608 624 642 649 669 720 795 801 831 854 937 948 950 1016 1184 1186 1266 1278 1464 1487 1616 1617 1707 1766 1780 1812 1817 1819 1847
39
12 19 30 137 173 177 233 234 265 318 357 389 560 630 703 776 795 843 895 937 1016 1030 1077 1160 1177 1298 1450 1487 1489 1512 1519 1648 1766 1794 1823 1827 1837 1917 1998
103
19 21 30 51 65 135 137 159 170 247 250 255 265 280 308 317 369 389 425 426 437 445 447 467 479 488 494 512 548 560 574 575 587 592 610 635 637 656 667 748 755 767 795 812 842 848 861 873 899 917 929 937 943 986 1016 1028 1031 1075 1079 1089 1100 1101 1102 1170 1203 1242 1253 1281 1307 1318 1392 1430 1482 1487 1495 1497 1520 1534 1562 1583 1585 1590 1613 1646 1654 1678 1699 1747 1760 1770 1774 1779 1798 1814 1855 1877 1878 1892 1944 1949 1970 1989 1998
TestCase-75
38
1 140 219 238 282 397 455 478 702 722 738 780 793 820 852 889 891 933 973 1043 1078 1105 1114 1302 1412 1443 1445 1464 1502 1611 1626 1721 1762 1778 1840 1846 1956 1959
93
1 42 48 60 61 91 109 117 127 140 219 234 263 272 280 319 379 397 411 425 430 433 445 455 459 470 508 538 547 549 588 591 593 641 655 697 718 722 739 754 769 771 773 786 795 820 889 929 973 974 979 988 1034 1060 1137 1201 1205 1332 1345 1365 1378 1383 1412 1424 1443 1446 1450 1473 1540 1553 1568 1573 1580 1613 1631 1634 1714 1725 1726 1737 1762 1778 1806 1820 1846 1849 1858 1862 1865 1959 1974 1998 1999
74
1 13 64 65 91 140 142 156 207 219 233 235 318 323 366 367 397 404 420 442 455 470 569 603 617 636 654 681 703 777 820 821 866 889 912 973 1017 1035 1045 1240 1243 1251 1304 1306 1389 1412 1430 1443 1446 1488 1491 1502 1536 1553 1566 1600 1625 1659 1737 1762 1778 1827 1845 1846 1863 1879 1893 1927 1952 1959 1966 1979 1995 1997
TestCase-76
42
50 65 110 132 157 185 287 332 334 460 602 640 667 737 794 904 1107 1112 1191 1213 1261 1264 1267 1279 1309 1368 1402 1450 1455 1496 1498 1587 1700 1811 1817 1831 1878 1886 1896 1902 1956 1973
18
151 348 626 695 696 767 785 914 952 1126 1231 1284 1472 1648 1779 1798 1941 1982
12
199 227 298 325 400 510 782 795 1137 1290 1366 1415
TestCase-77
49
24 120 135 153 156 182 221 223 261 349 363 425 460 530 572 605 634 683 685 836 918 1038 1109 1158 1164 1169 1176 1264 1272 1274 1280 1331 1367 1380 1385 1400 1444 1514 1521 1550 1564 1639 1669 1747 1869 1929 1953 1959 1987
49
13 24 70 82 211 221 257 258 356 422 459 521 551 562 573 616 753 788 870 885 891 918 981 986 1002 1070 1141 1164 1191 1331 1332 1370 1385 1405 1479 1496 1514 1561 1591 1653 1704 1731 1741 1774 1775 1854 1888 1926 1929
40
24 221 225 279 281 282 293 346 484 548 652 760 790 813 836 839 918 953 1005 1165 1224 1245 1305 1329 1330 1331 1333 1339 1356 1371 1385 1454 1514 1556 1753 1781 1789 1835 1903 1929
TestCase-78
7
421 447 534 819 1776 1783 1980
26
22 108 112 213 214 243 398 464 534 597 1040 1297 1303 1353 1407 1419 1423 1582 1648 1680 1683 1720 1757 1776 1868 1982
18
203 239 268 406 534 681 864 899 1107 1116 1126 1162 1265 1423 1454 1749 1776 1887
TestCase-79
67
22 46 55 66 82 118 186 226 248 254 280 300 304 308 338 475 486 499 506 507 508 547 562 592 615 682 753 776 831 852 880 901 954 955 963 972 976 1052 1086 1099 1168 1231 1235 1238 1269 1288 1292 1298 1313 1321 1410 1419 1462 1488 1501 1526 1622 1629 1640 1679 1680 1727 1757 1824 1854 1913 1924
54
31 55 188 214 233 248 274 286 380 381 427 452 480 511 547 562 615 628 655 695 722 812 827 866 880 1053 1071 1074 1100 1197 1198 1216 1217 1235 1262 1288 1292 1462 1483 1491 1501 1526 1533 1545 1559 1580 1679 1845 1854 1870 1890 1891 1932 1953
85
55 88 101 103 156 188 192 197 214 248 284 329 388 441 446 451 464 475 493 562 570 615 664 686 708 729 753 756 767 795 820 832 880 924 927 990 991 993 1080 1096 1103 1112 1129 1181 1182 1206 1210 1226 1235 1250 1275 1279 1283 1288 1326 1337 1345 1402 1412 1439 1443 1452 1462 1501 1508 1526 1564 1587 1590 1605 1661 1668 1669 1673 1675 1679 1714 1721 1793 1818 1854 1913 1926 1941 1986
TestCase-80
37
51 68 75 79 93 110 129 326 400 414 499 647 672 721 726 766 804 810 828 883 950 1065 1145 1268 1304 1383 1399 1480 1548 1632 1683 1733 1858 1874 1896 1935 1972
57
5 6 71 129 133 185 188 255 262 276 284 308 312 325 326 337 362 387 555 578 587 597 617 629 651 658 675 718 742 746 752 825 867 937 953 996 1022 1026 1069 1112 1170 1232 1243 1319 1440 1516 1522 1525 1606 1681 1725 1728 1737 1782 1818 1936 1989
3
701 1426 1930
TestCase-81
96
12 27 28 40 86 100 114 129 141 144 151 180 214 217 231 249 284 301 322 382 392 404 414 461 468 498 513 561 643 647 659 662 663 700 717 718 737 748 802 804 859 888 896 909 988 1004 1007 1014 1042 1075 1092 1114 1128 1181 1200 1277 1296 1305 1316 1327 1379 1395 1422 1425 1428 1430 1432 1467 1487 1500 1517 1524 1539 1563 1595 1603 1625 1645 1657 1666 1704 1709 1715 1716 1717 1735 1761 1803 1811 1818 1832 1834 1887 1888 1975 1994
57
54 82 116 165 203 282 349 353 387 413 425 431 433 468 489 522 598 649 668 674 775 776 795 804 808 844 846 851 898 964 1010 1042 1061 1062 1239 1272 1279 1303 1309 1395 1405 1454 1487 1508 1520 1644 1704 1729 1764 1796 1799 1811 1828 1870 1875 1907 1966
10
183 275 358 377 834 1487 1580 1811 1966 1968
TestCase-82
35
55 67 79 178 250 300 320 429 464 467 599 646 684 701 728 806 845 861 865 874 1017 1268 1294 1455 1549 1590 1598 1716 1799 1837 1899 1920 1938 1985 1991
74
67 112 142 188 220 221 249 268 282 319 343 344 382 401 418 480 492 539 554 619 631 670 721 738 752 770 789 802 841 843 845 875 890 906 921 933 1087 1098 1144 1150 1213 1232 1244 1282 1309 1310 1326 1343 1379 1386 1418 1431 1438 1618 1656 1657 1658 1664 1675 1685 1691 1697 1750 1756 1757 1760 1774 1798 1817 1820 1834 1885 1941 1979
11
205 209 216 523 670 1006 1465 1623 1669 1953 1984
TestCase-83
33
3 27 72 125 134 138 156 195 406 451 541 546 664 677 733 807 925 963 971 1032 1131 1146 1154 1186 1208 1368 1407 1665 1717 1841 1913 1935 1945
36
3 20 64 318 354 374 384 424 581 649 669 681 833 874 930 941 959 975 1122 1131 1198 1220 1222 1371 1376 1462 1562 1601 1638 1859 1863 1897 1898 1945 1963 1974
67
6 23 33 83 92 106 149 163 204 224 228 238 249 250 342 343 423 433 601 629 644 658 680 687 689 693 695 719 814 818 842 881 882 894 902 906 999 1030 1101 1121 1131 1152 1156 1238 1276 1330 1353 1380 1401 1440 1455 1463 1466 1518 1543 1607 1647 1694 1734 1736 1778 1788 1815 1929 1934 1945 1983
TestCase-84
29
181 450 455 488 511 576 694 720 819 823 847 885 964 974 1016 1039 1052 1091 1120 1221 1267 1345 1382 1467 1562 1638 1731 1838 1961
79
10 73 78 84 145 167 169 179 200 213 217 291 313 324 332 365 406 441 455 489 524 576 587 590 618 681 737 814 819 824 826 832 847 901 965 967 1012 1015 1020 1032 1042 1058 1064 1083 1159 1163 1172 1180 1235 1246 1263 1288 1292 1318 1369 1371 1382 1408 1437 1462 1464 1467 1494 1552 1570 1614 1626 1695 1696 1697 1793 1837 1838 1841 1864 1907 1944 1945 1961
64
26 36 37 56 102 123 161 205 240 254 272 273 294 305 424 426 433 439 446 449 455 458 502 541 553 559 566 576 607 720 738 747 748 783 819 847 922 958 1128 1190 1191 1199 1214 1262 1270 1345 1346 1359 1382 1405 1505 1515 1548 1577 1590 1593 1609 1614 1623 1814 1926 1928 1961 1987
TestCase-85
11
189 353 738 768 1053 1083 1259 1624 1650 1880 1914
3
232 1862 1880
76
2 27 76 84 141 149 206 268 285 302 337 352 357 360 432 433 461 463 470 485 533 535 561 604 613 620 631 657 658 668 761 857 891 925 970 979 995 1043 1066 1170 1178 1187 1201 1227 1358 1383 1391 1436 1499 1508 1512 1515 1537 1580 1648 1658 1669 1692 1740 1751 1788 1801 1803 1846 1851 1866 1883 1890 1893 1904 1934 1936 1946 1953 1976 1986
TestCase-86
6
670 893 1020 1089 1639 1671
100
1 4 21 55 59 60 68 76 77 103 136 178 195 205 213 239 311 327 344 348 357 402 408 410 459 498 508 593 625 662 666 670 677 682 686 706 759 765 769 777 792 825 837 845 849 919 1001 1017 1029 1079 1080 1098 1132 1146 1172 1173 1179 1193 1200 1216 1232 1263 1265 1279 1280 1305 1339 1362 1391 1445 1468 1471 1476 1480 1484 1486 1556 1559 1576 1581 1603 1694 1733 1751 1783 1800 1811 1830 1840 1865 1874 1883 1884 1890 1896 1906 1921 1929 1965 1983
15
443 526 563 670 713 966 982 1017 1020 1091 1107 1165 1307 1350 1386
TestCase-87
59
23 35 39 100 134 168 194 208 241 268 299 310 322 326 366 423 479 522 536 618 672 794 942 1008 1029 1053 1055 1068 1124 1172 1233 1236 1242 1290 1312 1317 1344 1403 1405 1429 1452 1454 1466 1548 1554 1562 1577 1627 1686 1689 1690 1692 1758 1782 1817 1876 1903 1922 1972
89
15 29 38 39 116 142 178 180 192 212 268 300 302 317 324 344 363 383 445 457 503 518 537 549 551 553 607 612 616 626 628 635 650 681 686 722 748 820 844 851 880 905 907 944 954 970 989 1020 1060 1079 1093 1137 1159 1181 1212 1214 1250 1254 1293 1309 1371 1387 1401 1423 1432 1454 1461 1491 1519 1533 1534 1542 1582 1601 1619 1620 1636 1644 1673 1711 1746 1833 1851 1902 1921 1954 1961 1965 1996
11
371 471 576 736 778 797 902 1192 1455 1537 1742
TestCase-88
82
2 24 28 51 59 81 96 170 177 208 224 236 260 264 272 281 284 334 359 378 413 439 478 523 620 656 713 731 772 774 798 823 841 847 869 871 891 921 947 989 1013 1020 1032 1051 1081 1095 1110 1167 1173 1183 1215 1235 1253 1272 1280 1302 1307 1336 1418 1444 1447 1521 1530 1539 1551 1566 1577 1622 1623 1627 1638 1655 1681 1698 1718 1795 1856 1858 1876 1924 1925 1961
70
7 24 28 31 36 131 177 184 199 208 211 264 281 334 355 418 424 439 472 490 523 543 565 698 699 713 725 736 744 772 798 847 850 883 894 988 994 1002 1093 1163 1173 1175 1213 1221 1243 1249 1320 1333 1336 1361 1380 1420 1447 1472 1473 1490 1521 1522 1539 1636 1693 1702 1712 1758 1799 1838 1856 1924 1961 1962
103
10 24 28 113 119 148 158 162 163 177 208 230 248 278 281 297 299 334 349 352 378 395 438 439 448 466 523 538 594 609 614 624 636 646 661 679 713 730 734 747 768 772 792 798 810 811 818 827 835 836 843 847 860 871 909 940 993 1143 1160 1164 1173 1178 1241 1244 1256 1281 1308 1317 1318 1329 1336 1348 1352 1401 1415 1428 1444 1447 1521 1539 1582 1583 1587 1608 1683 1685 1689 1700 1718 1777 1856 1885 1896 1897 1906 1909 1924 1942 1952 1961 1991 1993 1995
TestCase-89
82
8 16 25 61 63 70 95 105 107 140 166 191 200 248 285 328 373 383 409 436 437 440 465 466 478 494 512 521 593 605 618 628 669 670 683 757 773 787 794 825 867 879 911 943 957 964 1028 1074 1087 1200 1203 1210 1219 1267 1298 1321 1336 1374 1427 1435 1448 1451 1468 1471 1475 1509 1515 1528 1541 1596 1625 1627 1646 1721 1789 1794 1806 1923 1938 1946 1951 1969
99
13 21 36 68 70 78 84 100 111 116 120 139 142 187 210 219 286 287 302 328 346 358 430 435 497 515 573 623 625 630 635 643 656 670 689 694 744 757 762 765 811 843 871 954 978 1083 1102 1107 1123 1127 1192 1225 1262 1280 1302 1308 1320 1326 1336 1339 1353 1373 1412 1437 1439 1472 1479 1510 1517 1519 1526 1529 1551 1569 1570 1573 1581 1589 1599 1600 1625 1636 1664 1741 1743 1746 1769 1799 1802 1869 1908 1926 1928 1932 1950 1977 1983 1992 1993
12
328 408 416 495 757 923 1354 1408 1834 1872 1900 1941
TestCase-90
54
1 34 37 43 52 104 173 186 217 235 247 261 367 379 387 427 445 463 480 526 528 561 576 600 712 751 857 910 930 974 1012 1053 1094 1175 1284 1311 1322 1325 1435 1440 1455 1492 1514 1616 1617 1618 1721 1745 1779 1820 1845 1862 1920 1990
52
1 14 130 173 184 217 277 311 325 337 366 381 389 526 577 596 640 711 794 801 888 920 930 940 1005 1018 1045 1055 1119 1138 1190 1213 1220 1226 1280 1283 1304 1311 1391 1471 1513 1567 1586 1615 1627 1726 1767 1794 1870 1920 1987 1990
96
1 5 8 111 112 114 120 152 173 208 217 223 224 283 307 309 321 325 334 378 410 430 523 526 613 653 656 668 697 741 744 748 770 774 797 806 817 822 867 871 872 893 925 930 933 934 996 1008 1022 1028 1125 1127 1167 1184 1214 1266 1280 1283 1291 1303 1309 1311 1319 1372 1376 1377 1403 1405 1407 1423 1441 1442 1522 1551 1571 1585 1603 1615 1633 1678 1704 1718 1721 1733 1737 1741 1770 1793 1803 1810 1920 1924 1930 1942 1952 1973
TestCase-91
62
24 25 36 82 91 135 152 192 217 240 264 316 323 344 403 404 426 445 454 474 480 483 525 531 586 589 600 682 687 811 835 898 899 969 1004 1011 1045 1125 1166 1188 1206 1248 1253 1386 1432 1433 1470 1490 1506 1523 1536 1574 1601 1617 1649 1654 1663 1685 1828 1847 1869 1909
100
14 22 29 39 42 51 62 81 96 149 150 161 213 224 271 318 378 390 396 428 436 467 538 540 546 564 566 584 596 623 630 637 667 669 697 701 713 776 789 801 808 820 823 834 839 851 887 943 951 1001 1041 1046 1059 1071 1088 1101 1132 1139 1174 1188 1221 1250 1279 1288 1291 1307 1314 1355 1377 1451 1459 1460 1478 1505 1559 1560 1569 1574 1601 1621 1623 1627 1638 1641 1669 1680 1681 1710 1730 1742 1743 1828 1833 1835 1862 1877 1933 1984 1986 1993
14
4 399 504 517 779 791 947 1117 1135 1315 1456 1618 1697 1844
TestCase-92
13
8 12 130 230 580 621 622 679 681 1128 1646 1652 1977
70
84 134 153 175 193 212 218 335 372 382 429 437 472 483 494 527 570 582 591 592 635 636 642 673 725 768 780 794 833 875 879 935 1025 1039 1044 1099 1166 1178 1210 1237 1257 1286 1313 1315 1322 1357 1452 1454 1477 1545 1573 1600 1610 1616 1631 1641 1675 1702 1741 1784 1785 1811 1866 1891 1900 1913 1914 1923 1927 1930
8
94 248 301 1004 1328 1641 1670 1863
TestCase-93
26
70 89 90 128 160 260 487 574 600 810 843 978 986 1033 1070 1154 1175 1181 1241 1342 1484 1864 1892 1899 1964 1987
66
9 36 73 75 81 145 160 166 184 199 204 281 294 306 334 335 344 389 396 427 442 535 555 562 566 634 637 664 673 753 760 815 852 870 871 885 886 889 948 973 993 1014 1036 1052 1077 1174 1175 1188 1225 1230 1271 1302 1305 1320 1399 1403 1447 1482 1516 1563 1601 1630 1744 1760 1822 1901
94
3 13 14 37 45 49 59 61 115 153 244 258 289 290 311 323 339 351 353 361 363 394 399 426 442 445 453 472 551 571 579 609 610 629 630 642 668 673 683 698 705 714 831 876 893 920 1015 1031 1043 1063 1163 1166 1195 1197 1199 1229 1298 1302 1308 1314 1318 1438 1443 1488 1507 1522 1535 1567 1569 1572 1582 1597 1599 1665 1693 1703 1707 1710 1718 1805 1808 1839 1863 1882 1887 1889 1909 1925 1949 1952 1957 1977 1988 1993
TestCase-94
30
42 46 48 73 150 291 319 393 498 565 683 707 778 837 912 974 984 989 1131 1193 1198 1218 1451 1532 1659 1793 1808 1914 1938 1997
64
6 13 66 91 124 183 219 229 267 313 331 397 440 448 471 475 484 530 591 593 599 611 620 653 716 729 749 846 895 912 950 1094 1101 1112 1159 1181 1304 1307 1310 1382 1391 1433 1458 1511 1513 1560 1561 1592 1623 1635 1640 1669 1671 1693 1698 1708 1795 1832 1931 1950 1951 1975 1989 1993
93
61 73 93 125 131 136 144 166 178 225 227 234 248 286 290 295 305 322 390 412 421 441 451 467 470 477 483 488 506 535 549 620 621 639 642 649 670 693 715 737 795 802 804 814 856 868 901 920 921 922 925 958 968 1014 1046 1095 1114 1118 1144 1161 1191 1203 1215 1235 1288 1307 1318 1337 1347 1366 1392 1424 1476 1508 1543 1556 1608 1610 1628 1679 1686 1728 1741 1748 1753 1759 1771 1809 1823 1837 1883 1885 1899
TestCase-95
32
162 245 381 422 455 460 497 578 745 780 926 948 972 1077 1119 1152 1229 1345 1400 1505 1623 1631 1678 1682 1733 1765 1780 1832 1918 1964 1971 1988
55
9 28 50 123 215 242 250 285 290 300 388 400 420 452 456 556 583 596 646 654 685 697 698 740 742 770 812 826 930 970 971 1064 1074 1150 1227 1257 1268 1336 1338 1350 1354 1435 1522 1553 1606 1607 1713 1727 1758 1786 1843 1863 1895 1903 1910
4
176 454 1423 1904
TestCase-96
19
31 162 178 288 409 430 512 607 819 910 975 1011 1039 1178 1250 1290 1401 1625 1768
49
202 217 232 321 335 338 344 384 425 433 443 446 454 642 651 689 734 739 750 790 793 836 931 1009 1021 1044 1045 1075 1155 1184 1212 1232 1298 1306 1328 1421 1435 1462 1464 1658 1688 1742 1752 1758 1772 1795 1797 1823 1915
62
109 134 207 222 226 291 292 303 347 410 448 489 541 543 584 610 617 811 861 895 982 1032 1033 1038 1075 1076 1078 1082 1097 1135 1243 1259 1286 1320 1340 1402 1403 1433 1458 1485 1502 1569 1593 1638 1652 1663 1672 1697 1730 1734 1740 1742 1785 1831 1841 1860 1868 1907 1930 1956 1974 1991
TestCase-97
60
14 33 54 69 281 343 353 386 404 410 452 457 562 569 618 650 680 718 739 755 761 785 786 853 890 891 952 1063 1088 1092 1093 1104 1114 1172 1187 1235 1330 1338 1394 1399 1446 1491 1504 1518 1596 1634 1642 1654 1683 1691 1732 1741 1799 1836 1837 1857 1933 1943 1944 1962
24
101 246 312 319 543 616 618 664 671 805 957 1016 1052 1138 1308 1620 1622 1657 1712 1780 1808 1821 1927 1999
68
146 149 176 183 186 215 252 275 277 304 317 336 365 406 415 421 434 438 448 466 469 478 482 492 508 545 577 586 626 677 717 736 761 767 814 857 878 970 981 1039 1041 1065 1076 1108 1160 1235 1304 1319 1353 1402 1411 1464 1500 1517 1530 1533 1543 1601 1627 1667 1691 1736 1747 1779 1791 1802 1932 1954
TestCase-98
22
80 265 285 311 344 355 461 465 588 711 749 764 789 793 864 1058 1173 1316 1392 1518 1578 1934
31
199 465 478 544 675 731 740 757 791 831 842 885 893 918 993 1037 1067 1071 1152 1181 1332 1469 1516 1576 1626 1701 1855 1886 1901 1912 1977
41
126 135 146 166 209 238 308 333 335 430 433 509 539 549 726 728 783 799 807 830 866 878 1078 1179 1224 1303 1306 1347 1447 1492 1519 1595 1617 1640 1650 1724 1751 1800 1846 1856 1932
TestCase-99
41
105 111 149 168 185 401 413 458 524 588 632 666 749 756 768 807 860 862 905 961 968 1018 1068 1162 1303 1306 1357 1377 1398 1406 1481 1579 1650 1700 1728 1752 1756 1804 1848 1869 1942
65
39 73 92 104 157 186 197 206 237 260 300 304 308 345 414 429 554 601 635 667 674 678 697 705 718 752 757 765 950 992 1010 1025 1035 1058 1067 1074 1111 1221 1224 1232 1258 1263 1282 1288 1290 1296 1320 1517 1528 1529 1621 1629 1631 1649 1655 1667 1742 1755 1811 1853 1876 1896 1916 1956 1992
30
43 111 119 150 243 415 427 430 632 675 714 792 824 863 891 904 1018 1070 1208 1255 1321 1357 1535 1662 1667 1758 1839 1848 1897 1916
TestCase-100
54
59 131 138 140 177 231 254 327 331 407 425 427 588 617 703 803 842 862 878 889 929 959 960 987 1038 1046 1050 1117 1139 1172 1189 1192 1242 1368 1442 1463 1467 1483 1562 1565 1621 1625 1638 1651 1699 1702 1704 1729 1750 1756 1763 1869 1870 1992
74
10 54 63 133 148 163 193 208 266 288 294 316 330 338 363 410 482 533 553 572 576 577 604 614 625 671 714 746 803 884 891 918 925 931 963 967 980 989 1060 1073 1127 1182 1217 1239 1244 1268 1287 1320 1328 1335 1340 1348 1359 1431 1635 1649 1676 1686 1700 1735 1752 1765 1767 1783 1786 1819 1832 1833 1903 1948 1965 1995 1996 1999
68
28 62 95 113 123 133 161 187 220 250 284 310 333 334 426 447 462 516 524 540 546 572 605 613 623 626 627 631 664 695 747 770 782 819 832 869 940 998 1001 1069 1096 1101 1229 1278 1304 1319 1320 1335 1345 1377 1403 1507 1509 1591 1601 1612 1676 1717 1768 1788 1806 1859 1863 1891 1896 1925 1975 1997
TestCase-101
1
1
1
1
1
1
TestCase-102
1000
1 2 3 4 5 6 7 8 9 10 11 12 13 14 15 16 17 18 19 20 21 22 23 24 25 26 27 28 29 30 31 32 33 34 35 36 37 38 39 40 41 42 43 44 45 46 47 48 49 50 51 52 53 54 55 56 57 58 59 60 61 62 63 64 65 66 67 68 69 70 71 72 73 74 75 76 77 78 79 80 81 82 83 84 85 86 87 88 89 90 91 92 93 94 95 96 97 98 99 100 101 102 103 104 105 106 107 108 109 110 111 112 113 114 115 116 117 118 119 120 121 122 123 124 125 126 127 128 129 130 131 132 133 134 135 136 137 138 139 140 141 142 143 144 145 146 147 148 149 150 151 152 153 154 155 156 157 158 159 160 161 162 163 164 165 166 167 168 169 170 171 172 173 174 175 176 177 178 179 180 181 182 183 184 185 186 187 188 189 190 191 192 193 194 195 196 197 198 199 200 201 202 203 204 205 206 207 208 209 210 211 212 213 214 215 216 217 218 219 220 221 222 223 224 225 226 227 228 229 230 231 232 233 234 235 236 237 238 239 240 241 242 243 244 245 246 247 248 249 250 251 252 253 254 255 256 257 258 259 260 261 262 263 264 265 266 267 268 269 270 271 272 273 274 275 276 277 278 279 280 281 282 283 284 285 286 287 288 289 290 291 292 293 294 295 296 297 298 299 300 301 302 303 304 305 306 307 308 309 310 311 312 313 314 315 316 317 318 319 320 321 322 323 324 325 326 327 328 329 330 331 332 333 334 335 336 337 338 339 340 341 342 343 344 345 346 347 348 349 350 351 352 353 354 355 356 357 358 359 360 361 362 363 364 365 366 367 368 369 370 371 372 373 374 375 376 377 378 379 380 381 382 383 384 385 386 387 388 389 390 391 392 393 394 395 396 397 398 399 400 401 402 403 404 405 406 407 408 409 410 411 412 413 414 415 416 417 418 419 420 421 422 423 424 425 426 427 428 429 430 431 432 433 434 435 436 437 438 439 440 441 442 443 444 445 446 447 448 449 450 451 452 453 454 455 456 457 458 459 460 461 462 463 464 465 466 467 468 469 470 471 472 473 474 475 476 477 478 479 480 481 482 483 484 485 486 487 488 489 490 491 492 493 494 495 496 497 498 499 500 501 502 503 504 505 506 507 508 509 510 511 512 513 514 515 516 517 518 519 520 521 522 523 524 525 526 527 528 529 530 531 532 533 534 535 536 537 538 539 540 541 542 543 544 545 546 547 548 549 550 551 552 553 554 555 556 557 558 559 560 561 562 563 564 565 566 567 568 569 570 571 572 573 574 575 576 577 578 579 580 581 582 583 584 585 586 587 588 589 590 591 592 593 594 595 596 597 598 599 600 601 602 603 604 605 606 607 608 609 610 611 612 613 614 615 616 617 618 619 620 621 622 623 624 625 626 627 628 629 630 631 632 633 634 635 636 637 638 639 640 641 642 643 644 645 646 647 648 649 650 651 652 653 654 655 656 657 658 659 660 661 662 663 664 665 666 667 668 669 670 671 672 673 674 675 676 677 678 679 680 681 682 683 684 685 686 687 688 689 690 691 692 693 694 695 696 697 698 699 700 701 702 703 704 705 706 707 708 709 710 711 712 713 714 715 716 717 718 719 720 721 722 723 724 725 726 727 728 729 730 731 732 733 734 735 736 737 738 739 740 741 742 743 744 745 746 747 748 749 750 751 752 753 754 755 756 757 758 759 760 761 762 763 764 765 766 767 768 769 770 771 772 773 774 775 776 777 778 779 780 781 782 783 784 785 786 787 788 789 790 791 792 793 794 795 796 797 798 799 800 801 802 803 804 805 806 807 808 809 810 811 812 813 814 815 816 817 818 819 820 821 822 823 824 825 826 827 828 829 830 831 832 833 834 835 836 837 838 839 840 841 842 843 844 845 846 847 848 849 850 851 852 853 854 855 856 857 858 859 860 861 862 863 864 865 866 867 868 869 870 871 872 873 874 875 876 877 878 879 880 881 882 883 884 885 886 887 888 889 890 891 892 893 894 895 896 897 898 899 900 901 902 903 904 905 906 907 908 909 910 911 912 913 914 915 916 917 918 919 920 921 922 923 924 925 926 927 928 929 930 931 932 933 934 935 936 937 938 939 940 941 942 943 944 945 946 947 948 949 950 951 952 953 954 955 956 957 958 959 960 961 962 963 964 965 966 967 968 969 970 971 972 973 974 975 976 977 978 979 980 981 982 983 984 985 986 987 988 989 990 991 992 993 994 995 996 997 998 999 1000
1000
1 2 3 4 5 6 7 8 9 10 11 12 13 14 15 16 17 18 19 20 21 22 23 24 25 26 27 28 29 30 31 32 33 34 35 36 37 38 39 40 41 42 43 44 45 46 47 48 49 50 51 52 53 54 55 56 57 58 59 60 61 62 63 64 65 66 67 68 69 70 71 72 73 74 75 76 77 78 79 80 81 82 83 84 85 86 87 88 89 90 91 92 93 94 95 96 97 98 99 100 101 102 103 104 105 106 107 108 109 110 111 112 113 114 115 116 117 118 119 120 121 122 123 124 125 126 127 128 129 130 131 132 133 134 135 136 137 138 139 140 141 142 143 144 145 146 147 148 149 150 151 152 153 154 155 156 157 158 159 160 161 162 163 164 165 166 167 168 169 170 171 172 173 174 175 176 177 178 179 180 181 182 183 184 185 186 187 188 189 190 191 192 193 194 195 196 197 198 199 200 201 202 203 204 205 206 207 208 209 210 211 212 213 214 215 216 217 218 219 220 221 222 223 224 225 226 227 228 229 230 231 232 233 234 235 236 237 238 239 240 241 242 243 244 245 246 247 248 249 250 251 252 253 254 255 256 257 258 259 260 261 262 263 264 265 266 267 268 269 270 271 272 273 274 275 276 277 278 279 280 281 282 283 284 285 286 287 288 289 290 291 292 293 294 295 296 297 298 299 300 301 302 303 304 305 306 307 308 309 310 311 312 313 314 315 316 317 318 319 320 321 322 323 324 325 326 327 328 329 330 331 332 333 334 335 336 337 338 339 340 341 342 343 344 345 346 347 348 349 350 351 352 353 354 355 356 357 358 359 360 361 362 363 364 365 366 367 368 369 370 371 372 373 374 375 376 377 378 379 380 381 382 383 384 385 386 387 388 389 390 391 392 393 394 395 396 397 398 399 400 401 402 403 404 405 406 407 408 409 410 411 412 413 414 415 416 417 418 419 420 421 422 423 424 425 426 427 428 429 430 431 432 433 434 435 436 437 438 439 440 441 442 443 444 445 446 447 448 449 450 451 452 453 454 455 456 457 458 459 460 461 462 463 464 465 466 467 468 469 470 471 472 473 474 475 476 477 478 479 480 481 482 483 484 485 486 487 488 489 490 491 492 493 494 495 496 497 498 499 500 501 502 503 504 505 506 507 508 509 510 511 512 513 514 515 516 517 518 519 520 521 522 523 524 525 526 527 528 529 530 531 532 533 534 535 536 537 538 539 540 541 542 543 544 545 546 547 548 549 550 551 552 553 554 555 556 557 558 559 560 561 562 563 564 565 566 567 568 569 570 571 572 573 574 575 576 577 578 579 580 581 582 583 584 585 586 587 588 589 590 591 592 593 594 595 596 597 598 599 600 601 602 603 604 605 606 607 608 609 610 611 612 613 614 615 616 617 618 619 620 621 622 623 624 625 626 627 628 629 630 631 632 633 634 635 636 637 638 639 640 641 642 643 644 645 646 647 648 649 650 651 652 653 654 655 656 657 658 659 660 661 662 663 664 665 666 667 668 669 670 671 672 673 674 675 676 677 678 679 680 681 682 683 684 685 686 687 688 689 690 691 692 693 694 695 696 697 698 699 700 701 702 703 704 705 706 707 708 709 710 711 712 713 714 715 716 717 718 719 720 721 722 723 724 725 726 727 728 729 730 731 732 733 734 735 736 737 738 739 740 741 742 743 744 745 746 747 748 749 750 751 752 753 754 755 756 757 758 759 760 761 762 763 764 765 766 767 768 769 770 771 772 773 774 775 776 777 778 779 780 781 782 783 784 785 786 787 788 789 790 791 792 793 794 795 796 797 798 799 800 801 802 803 804 805 806 807 808 809 810 811 812 813 814 815 816 817 818 819 820 821 822 823 824 825 826 827 828 829 830 831 832 833 834 835 836 837 838 839 840 841 842 843 844 845 846 847 848 849 850 851 852 853 854 855 856 857 858 859 860 861 862 863 864 865 866 867 868 869 870 871 872 873 874 875 876 877 878 879 880 881 882 883 884 885 886 887 888 889 890 891 892 893 894 895 896 897 898 899 900 901 902 903 904 905 906 907 908 909 910 911 912 913 914 915 916 917 918 919 920 921 922 923 924 925 926 927 928 929 930 931 932 933 934 935 936 937 938 939 940 941 942 943 944 945 946 947 948 949 950 951 952 953 954 955 956 957 958 959 960 961 962 963 964 965 966 967 968 969 970 971 972 973 974 975 976 977 978 979 980 981 982 983 984 985 986 987 988 989 990 991 992 993 994 995 996 997 998 999 1000
1000
1 2 3 4 5 6 7 8 9 10 11 12 13 14 15 16 17 18 19 20 21 22 23 24 25 26 27 28 29 30 31 32 33 34 35 36 37 38 39 40 41 42 43 44 45 46 47 48 49 50 51 52 53 54 55 56 57 58 59 60 61 62 63 64 65 66 67 68 69 70 71 72 73 74 75 76 77 78 79 80 81 82 83 84 85 86 87 88 89 90 91 92 93 94 95 96 97 98 99 100 101 102 103 104 105 106 107 108 109 110 111 112 113 114 115 116 117 118 119 120 121 122 123 124 125 126 127 128 129 130 131 132 133 134 135 136 137 138 139 140 141 142 143 144 145 146 147 148 149 150 151 152 153 154 155 156 157 158 159 160 161 162 163 164 165 166 167 168 169 170 171 172 173 174 175 176 177 178 179 180 181 182 183 184 185 186 187 188 189 190 191 192 193 194 195 196 197 198 199 200 201 202 203 204 205 206 207 208 209 210 211 212 213 214 215 216 217 218 219 220 221 222 223 224 225 226 227 228 229 230 231 232 233 234 235 236 237 238 239 240 241 242 243 244 245 246 247 248 249 250 251 252 253 254 255 256 257 258 259 260 261 262 263 264 265 266 267 268 269 270 271 272 273 274 275 276 277 278 279 280 281 282 283 284 285 286 287 288 289 290 291 292 293 294 295 296 297 298 299 300 301 302 303 304 305 306 307 308 309 310 311 312 313 314 315 316 317 318 319 320 321 322 323 324 325 326 327 328 329 330 331 332 333 334 335 336 337 338 339 340 341 342 343 344 345 346 347 348 349 350 351 352 353 354 355 356 357 358 359 360 361 362 363 364 365 366 367 368 369 370 371 372 373 374 375 376 377 378 379 380 381 382 383 384 385 386 387 388 389 390 391 392 393 394 395 396 397 398 399 400 401 402 403 404 405 406 407 408 409 410 411 412 413 414 415 416 417 418 419 420 421 422 423 424 425 426 427 428 429 430 431 432 433 434 435 436 437 438 439 440 441 442 443 444 445 446 447 448 449 450 451 452 453 454 455 456 457 458 459 460 461 462 463 464 465 466 467 468 469 470 471 472 473 474 475 476 477 478 479 480 481 482 483 484 485 486 487 488 489 490 491 492 493 494 495 496 497 498 499 500 501 502 503 504 505 506 507 508 509 510 511 512 513 514 515 516 517 518 519 520 521 522 523 524 525 526 527 528 529 530 531 532 533 534 535 536 537 538 539 540 541 542 543 544 545 546 547 548 549 550 551 552 553 554 555 556 557 558 559 560 561 562 563 564 565 566 567 568 569 570 571 572 573 574 575 576 577 578 579 580 581 582 583 584 585 586 587 588 589 590 591 592 593 594 595 596 597 598 599 600 601 602 603 604 605 606 607 608 609 610 611 612 613 614 615 616 617 618 619 620 621 622 623 624 625 626 627 628 629 630 631 632 633 634 635 636 637 638 639 640 641 642 643 644 645 646 647 648 649 650 651 652 653 654 655 656 657 658 659 660 661 662 663 664 665 666 667 668 669 670 671 672 673 674 675 676 677 678 679 680 681 682 683 684 685 686 687 688 689 690 691 692 693 694 695 696 697 698 699 700 701 702 703 704 705 706 707 708 709 710 711 712 713 714 715 716 717 718 719 720 721 722 723 724 725 726 727 728 729 730 731 732 733 734 735 736 737 738 739 740 741 742 743 744 745 746 747 748 749 750 751 752 753 754 755 756 757 758 759 760 761 762 763 764 765 766 767 768 769 770 771 772 773 774 775 776 777 778 779 780 781 782 783 784 785 786 787 788 789 790 791 792 793 794 795 796 797 798 799 800 801 802 803 804 805 806 807 808 809 810 811 812 813 814 815 816 817 818 819 820 821 822 823 824 825 826 827 828 829 830 831 832 833 834 835 836 837 838 839 840 841 842 843 844 845 846 847 848 849 850 851 852 853 854 855 856 857 858 859 860 861 862 863 864 865 866 867 868 869 870 871 872 873 874 875 876 877 878 879 880 881 882 883 884 885 886 887 888 889 890 891 892 893 894 895 896 897 898 899 900 901 902 903 904 905 906 907 908 909 910 911 912 913 914 915 916 917 918 919 920 921 922 923 924 925 926 927 928 929 930 931 932 933 934 935 936 937 938 939 940 941 942 943 944 945 946 947 948 949 950 951 952 953 954 955 956 957 958 959 960 961 962 963 964 965 966 967 968 969 970 971 972 973 974 975 976 977 978 979 980 981 982 983 984 985 986 987 988 989 990 991 992 993 994 995 996 997 998 999 1000
TestCase-103
3
1 2 3
3
4 5 6
3
7 8 9
TestCase-104
1000
100 100 100 100 100 100 100 100 100 100 100 100 100 100 100 100 100 100 100 100 100 100 100 100 100 100 100 100 100 100 100 100 100 100 100 100 100 100 100 100 100 100 100 100 100 100 100 100 100 100 100 100 100 100 100 100 100 100 100 100 100 100 100 100 100 100 100 100 100 100 100 100 100 100 100 100 100 100 100 100 100 100 100 100 100 100 100 100 100 100 100 100 100 100 100 100 100 100 100 100 100 100 100 100 100 100 100 100 100 100 100 100 100 100 100 100 100 100 100 100 100 100 100 100 100 100 100 100 100 100 100 100 100 100 100 100 100 100 100 100 100 100 100 100 100 100 100 100 100 100 100 100 100 100 100 100 100 100 100 100 100 100 100 100 100 100 100 100 100 100 100 100 100 100 100 100 100 100 100 100 100 100 100 100 100 100 100 100 100 100 100 100 100 100 100 100 100 100 100 100 100 100 100 100 100 100 100 100 100 100 100 100 100 100 100 100 100 100 100 100 100 100 100 100 100 100 100 100 100 100 100 100 100 100 100 100 100 100 100 100 100 100 100 100 100 100 100 100 100 100 100 100 100 100 100 100 100 100 100 100 100 100 100 100 100 100 100 100 100 100 100 100 100 100 100 100 100 100 100 100 100 100 100 100 100 100 100 100 100 100 100 100 100 100 100 100 100 100 100 100 100 100 100 100 100 100 100 100 100 100 100 100 100 100 100 100 100 100 100 100 100 100 100 100 100 100 100 100 100 100 100 100 100 100 100 100 100 100 100 100 100 100 100 100 100 100 100 100 100 100 100 100 100 100 100 100 100 100 100 100 100 100 100 100 100 100 100 100 100 100 100 100 100 100 100 100 100 100 100 100 100 100 100 100 100 100 100 100 100 100 100 100 100 100 100 100 100 100 100 100 100 100 100 100 100 100 100 100 100 100 100 100 100 100 100 100 100 100 100 100 100 100 100 100 100 100 100 100 100 100 100 100 100 100 100 100 100 100 100 100 100 100 100 100 100 100 100 100 100 100 100 100 100 100 100 100 100 100 100 100 100 100 100 100 100 100 100 100 100 100 100 100 100 100 100 100 100 100 100 100 100 100 100 100 100 100 100 100 100 100 100 100 100 100 100 100 100 100 100 100 100 100 100 100 100 100 100 100 100 100 100 100 100 100 100 100 100 100 100 100 100 100 100 100 100 100 100 100 100 100 100 100 100 100 100 100 100 100 100 100 100 100 100 100 100 100 100 100 100 100 100 100 100 100 100 100 100 100 100 100 100 100 100 100 100 100 100 100 100 100 100 100 100 100 100 100 100 100 100 100 100 100 100 100 100 100 100 100 100 100 100 100 100 100 100 100 100 100 100 100 100 100 100 100 100 100 100 100 100 100 100 100 100 100 100 100 100 100 100 100 100 100 100 100 100 100 100 100 100 100 100 100 100 100 100 100 100 100 100 100 100 100 100 100 100 100 100 100 100 100 100 100 100 100 100 100 100 100 100 100 100 100 100 100 100 100 100 100 100 100 100 100 100 100 100 100 100 100 100 100 100 100 100 100 100 100 100 100 100 100 100 100 100 100 100 100 100 100 100 100 100 100 100 100 100 100 100 100 100 100 100 100 100 100 100 100 100 100 100 100 100 100 100 100 100 100 100 100 100 100 100 100 100 100 100 100 100 100 100 100 100 100 100 100 100 100 100 100 100 100 100 100 100 100 100 100 100 100 100 100 100 100 100 100 100 100 100 100 100 100 100 100 100 100 100 100 100 100 100 100 100 100 100 100 100 100 100 100 100 100 100 100 100 100 100 100 100 100 100 100 100 100 100 100 100 100 100 100 100 100 100 100 100 100 100 100 100 100 100 100 100 100 100 100 100 100 100 100 100 100 100 100 100 100 100 100 100 100 100 100 100 100 100 100 100 100 100 100 100 100 100 100 100 100 100 100 100 100 100 100 100 100 100 100 100 100 100 100 100 100 100 100 100 100 100 100 100 100 100 100 100 100 100 100 100 100 100 100 100 100 100 100 100 100 100 100 100 100 100 100 100 100 100 100 100 100 100 100 100 100 100 100 100 100 100 100 100 100 100 100 100 100 100 100 100 100 100 100 100 100 100 100 100 100 100 100 100 100 100 100 100 100 100 100 100 100 100 100 100 100 100 100 100 100 100 100 100 100 100 100 100 100 100 100 100 100 100 100 100 100 100 100 100 100 100 100 100 100 100 100 100 100 100 100 100 100 100 100 100 100 100 100 100 100 100 100 100 100 100 100
1000
100 100 100 100 100 100 100 100 100 100 100 100 100 100 100 100 100 100 100 100 100 100 100 100 100 100 100 100 100 100 100 100 100 100 100 100 100 100 100 100 100 100 100 100 100 100 100 100 100 100 100 100 100 100 100 100 100 100 100 100 100 100 100 100 100 100 100 100 100 100 100 100 100 100 100 100 100 100 100 100 100 100 100 100 100 100 100 100 100 100 100 100 100 100 100 100 100 100 100 100 100 100 100 100 100 100 100 100 100 100 100 100 100 100 100 100 100 100 100 100 100 100 100 100 100 100 100 100 100 100 100 100 100 100 100 100 100 100 100 100 100 100 100 100 100 100 100 100 100 100 100 100 100 100 100 100 100 100 100 100 100 100 100 100 100 100 100 100 100 100 100 100 100 100 100 100 100 100 100 100 100 100 100 100 100 100 100 100 100 100 100 100 100 100 100 100 100 100 100 100 100 100 100 100 100 100 100 100 100 100 100 100 100 100 100 100 100 100 100 100 100 100 100 100 100 100 100 100 100 100 100 100 100 100 100 100 100 100 100 100 100 100 100 100 100 100 100 100 100 100 100 100 100 100 100 100 100 100 100 100 100 100 100 100 100 100 100 100 100 100 100 100 100 100 100 100 100 100 100 100 100 100 100 100 100 100 100 100 100 100 100 100 100 100 100 100 100 100 100 100 100 100 100 100 100 100 100 100 100 100 100 100 100 100 100 100 100 100 100 100 100 100 100 100 100 100 100 100 100 100 100 100 100 100 100 100 100 100 100 100 100 100 100 100 100 100 100 100 100 100 100 100 100 100 100 100 100 100 100 100 100 100 100 100 100 100 100 100 100 100 100 100 100 100 100 100 100 100 100 100 100 100 100 100 100 100 100 100 100 100 100 100 100 100 100 100 100 100 100 100 100 100 100 100 100 100 100 100 100 100 100 100 100 100 100 100 100 100 100 100 100 100 100 100 100 100 100 100 100 100 100 100 100 100 100 100 100 100 100 100 100 100 100 100 100 100 100 100 100 100 100 100 100 100 100 100 100 100 100 100 100 100 100 100 100 100 100 100 100 100 100 100 100 100 100 100 100 100 100 100 100 100 100 100 100 100 100 100 100 100 100 100 100 100 100 100 100 100 100 100 100 100 100 100 100 100 100 100 100 100 100 100 100 100 100 100 100 100 100 100 100 100 100 100 100 100 100 100 100 100 100 100 100 100 100 100 100 100 100 100 100 100 100 100 100 100 100 100 100 100 100 100 100 100 100 100 100 100 100 100 100 100 100 100 100 100 100 100 100 100 100 100 100 100 100 100 100 100 100 100 100 100 100 100 100 100 100 100 100 100 100 100 100 100 100 100 100 100 100 100 100 100 100 100 100 100 100 100 100 100 100 100 100 100 100 100 100 100 100 100 100 100 100 100 100 100 100 100 100 100 100 100 100 100 100 100 100 100 100 100 100 100 100 100 100 100 100 100 100 100 100 100 100 100 100 100 100 100 100 100 100 100 100 100 100 100 100 100 100 100 100 100 100 100 100 100 100 100 100 100 100 100 100 100 100 100 100 100 100 100 100 100 100 100 100 100 100 100 100 100 100 100 100 100 100 100 100 100 100 100 100 100 100 100 100 100 100 100 100 100 100 100 100 100 100 100 100 100 100 100 100 100 100 100 100 100 100 100 100 100 100 100 100 100 100 100 100 100 100 100 100 100 100 100 100 100 100 100 100 100 100 100 100 100 100 100 100 100 100 100 100 100 100 100 100 100 100 100 100 100 100 100 100 100 100 100 100 100 100 100 100 100 100 100 100 100 100 100 100 100 100 100 100 100 100 100 100 100 100 100 100 100 100 100 100 100 100 100 100 100 100 100 100 100 100 100 100 100 100 100 100 100 100 100 100 100 100 100 100 100 100 100 100 100 100 100 100 100 100 100 100 100 100 100 100 100 100 100 100 100 100 100 100 100 100 100 100 100 100 100 100 100 100 100 100 100 100 100 100 100 100 100 100 100 100 100 100 100 100 100 100 100 100 100 100 100 100 100 100 100 100 100 100 100 100 100 100 100 100 100 100 100 100 100 100 100 100 100 100 100 100 100 100 100 100 100 100 100 100 100 100 100 100 100 100 100 100 100 100 100 100 100 100 100 100 100 100 100 100 100 100 100 100 100 100 100 100 100 100 100 100 100 100 100 100 100 100 100 100 100 100 100 100 100 100 100 100 100 100 100 100 100 100 100 100 100 100 100 100 100 100 100 100 100 100 100 100 100 100 100
1000
100 100 100 100 100 100 100 100 100 100 100 100 100 100 100 100 100 100 100 100 100 100 100 100 100 100 100 100 100 100 100 100 100 100 100 100 100 100 100 100 100 100 100 100 100 100 100 100 100 100 100 100 100 100 100 100 100 100 100 100 100 100 100 100 100 100 100 100 100 100 100 100 100 100 100 100 100 100 100 100 100 100 100 100 100 100 100 100 100 100 100 100 100 100 100 100 100 100 100 100 100 100 100 100 100 100 100 100 100 100 100 100 100 100 100 100 100 100 100 100 100 100 100 100 100 100 100 100 100 100 100 100 100 100 100 100 100 100 100 100 100 100 100 100 100 100 100 100 100 100 100 100 100 100 100 100 100 100 100 100 100 100 100 100 100 100 100 100 100 100 100 100 100 100 100 100 100 100 100 100 100 100 100 100 100 100 100 100 100 100 100 100 100 100 100 100 100 100 100 100 100 100 100 100 100 100 100 100 100 100 100 100 100 100 100 100 100 100 100 100 100 100 100 100 100 100 100 100 100 100 100 100 100 100 100 100 100 100 100 100 100 100 100 100 100 100 100 100 100 100 100 100 100 100 100 100 100 100 100 100 100 100 100 100 100 100 100 100 100 100 100 100 100 100 100 100 100 100 100 100 100 100 100 100 100 100 100 100 100 100 100 100 100 100 100 100 100 100 100 100 100 100 100 100 100 100 100 100 100 100 100 100 100 100 100 100 100 100 100 100 100 100 100 100 100 100 100 100 100 100 100 100 100 100 100 100 100 100 100 100 100 100 100 100 100 100 100 100 100 100 100 100 100 100 100 100 100 100 100 100 100 100 100 100 100 100 100 100 100 100 100 100 100 100 100 100 100 100 100 100 100 100 100 100 100 100 100 100 100 100 100 100 100 100 100 100 100 100 100 100 100 100 100 100 100 100 100 100 100 100 100 100 100 100 100 100 100 100 100 100 100 100 100 100 100 100 100 100 100 100 100 100 100 100 100 100 100 100 100 100 100 100 100 100 100 100 100 100 100 100 100 100 100 100 100 100 100 100 100 100 100 100 100 100 100 100 100 100 100 100 100 100 100 100 100 100 100 100 100 100 100 100 100 100 100 100 100 100 100 100 100 100 100 100 100 100 100 100 100 100 100 100 100 100 100 100 100 100 100 100 100 100 100 100 100 100 100 100 100 100 100 100 100 100 100 100 100 100 100 100 100 100 100 100 100 100 100 100 100 100 100 100 100 100 100 100 100 100 100 100 100 100 100 100 100 100 100 100 100 100 100 100 100 100 100 100 100 100 100 100 100 100 100 100 100 100 100 100 100 100 100 100 100 100 100 100 100 100 100 100 100 100 100 100 100 100 100 100 100 100 100 100 100 100 100 100 100 100 100 100 100 100 100 100 100 100 100 100 100 100 100 100 100 100 100 100 100 100 100 100 100 100 100 100 100 100 100 100 100 100 100 100 100 100 100 100 100 100 100 100 100 100 100 100 100 100 100 100 100 100 100 100 100 100 100 100 100 100 100 100 100 100 100 100 100 100 100 100 100 100 100 100 100 100 100 100 100 100 100 100 100 100 100 100 100 100 100 100 100 100 100 100 100 100 100 100 100 100 100 100 100 100 100 100 100 100 100 100 100 100 100 100 100 100 100 100 100 100 100 100 100 100 100 100 100 100 100 100 100 100 100 100 100 100 100 100 100 100 100 100 100 100 100 100 100 100 100 100 100 100 100 100 100 100 100 100 100 100 100 100 100 100 100 100 100 100 100 100 100 100 100 100 100 100 100 100 100 100 100 100 100 100 100 100 100 100 100 100 100 100 100 100 100 100 100 100 100 100 100 100 100 100 100 100 100 100 100 100 100 100 100 100 100 100 100 100 100 100 100 100 100 100 100 100 100 100 100 100 100 100 100 100 100 100 100 100 100 100 100 100 100 100 100 100 100 100 100 100 100 100 100 100 100 100 100 100 100 100 100 100 100 100 100 100 100 100 100 100 100 100 100 100 100 100 100 100 100 100 100 100 100 100 100 100 100 100 100 100 100 100 100 100 100 100 100 100 100 100 100 100 100 100 100 100 100 100 100 100 100 100 100 100 100 100 100 100 100 100 100 100 100 100 100 100 100 100 100 100 100 100 100 100 100 100 100 100 100 100 100 100 100 100 100 100 100 100 100 100 100 100 100 100 100 100 100 100 100 100 100 100 100 100 100 100 100 100 100 100 100 100 100 100 100 100 100 100 100 100 100 100 100 100 100 100 100 100 100 100 100 100
TestCase-105
5
2 4 6 8 10
5
4 6 8 12 14
5
1 4 6 8 16
TestCase-106
5
3 7 15 20 25
6
1 2 3 7 10 15
5
3 5 7 15 18
TestCase-107
4
10 30 50 70
4
20 40 60 80
4
5 15 25 35
TestCase-108
6
5 10 15 20 25 30
5
10 20 30 40 50
5
10 20 30 60 70
