109
TestCase-1
133
85 41 23 88 33 52 80 55 43 56 92 69 75 83 19 82 74 86 52 6 10 17 94 65 2 88 37 41 14 49 68 96 12 61 65 35 72 39 22 55 40 46 34 6 0 46 96 52 59 97 18 55 34 85 78 14 3 13 92 42 74 77 62 44 69 67 5 52 22 50 5 10 54 66 7 35 49 0 48 14 75 16 98 39 52 65 67 69 35 5 43 65 82 61 37 82 9 12 7 58 50 36 63 6 3 11 41 34 1 79 28 5 93 25 15 8 72 79 35 0 75 93 43 49 7 40 80 66 46 6 19 48 16
TestCase-2
93
17 25 5 88 98 20 6 78 65 49 98 91 52 0 45 0 69 65 70 83 86 99 79 3 38 60 51 42 81 10 88 90 21 97 13 85 58 28 80 22 12 82 70 95 35 62 43 26 40 40 70 25 0 55 73 94 94 12 64 0 82 23 63 56 89 7 66 52 90 19 56 40 25 17 79 14 47 77 78 88 85 18 90 33 10 23 51 11 87 72 42 99 74
TestCase-3
12
83 1 81 36 88 53 90 33 77 72 86 5
TestCase-4
197
40 83 9 62 98 95 94 24 79 44 72 30 56 44 40 88 87 46 66 68 70 29 39 17 44 18 12 82 54 7 72 85 32 59 84 71 38 31 82 90 51 48 84 37 22 17 25 60 26 72 97 61 5 30 7 38 3 71 86 26 81 27 12 91 3 83 42 81 96 58 47 9 58 18 93 21 0 0 83 75 98 18 26 23 62 52 66 67 0 22 9 81 97 66 18 18 10 70 35 1 73 0 48 56 41 31 44 4 68 38 57 94 69 78 15 84 20 2 43 17 93 74 81 35 12 69 61 36 95 37 67 20 41 2 71 99 0 52 38 6 74 62 3 88 21 42 14 6 32 46 97 67 20 52 69 37 38 31 4 92 28 36 9 84 48 88 4 3 18 6 46 89 32 97 95 57 39 69 84 41 12 12 32 63 51 77 93 93 94 20 98 90 24 60 67 15 22
TestCase-5
30
65 99 88 11 95 24 42 28 19 71 17 62 1 46 86 22 53 95 64 80 54 59 65 88 19 68 29 16 51 53
TestCase-6
149
94 7 83 71 63 98 76 56 32 44 3 9 84 41 33 39 46 54 25 8 89 47 42 39 43 22 81 19 49 40 83 7 38 9 80 13 64 84 36 85 56 69 73 93 73 23 89 45 86 37 72 35 24 51 98 5 99 50 81 85 69 2 9 37 85 29 29 37 57 69 44 8 99 22 49 76 26 71 96 51 65 76 81 44 56 80 45 44 8 69 48 85 89 35 73 68 86 94 63 90 87 8 8 86 60 25 13 29 52 63 4 86 82 87 85 27 28 30 5 29 92 82 93 1 70 76 69 53 55 59 2 92 70 87 46 89 64 64 23 37 53 24 48 0 34 55 31 49 88
TestCase-7
47
72 95 87 39 14 20 47 40 87 73 87 83 36 11 25 20 44 92 13 30 34 60 22 33 17 3 43 41 38 67 90 52 17 14 49 74 71 28 93 99 27 11 63 54 32 37 14
TestCase-8
105
25 75 82 88 32 6 31 71 67 9 71 13 88 87 75 82 88 11 81 87 27 58 52 99 86 72 11 73 28 17 47 95 20 29 61 8 81 27 92 18 48 68 18 73 23 67 92 47 27 0 42 57 53 9 69 53 32 60 38 81 6 36 28 28 99 71 73 63 14 67 38 19 7 74 2 91 44 36 15 96 71 86 81 72 56 35 12 54 49 78 23 16 2 80 84 99 13 68 54 93 78 38 62 79 99
TestCase-9
91
69 0 35 41 50 19 65 3 15 40 2 49 9 74 72 19 67 54 71 40 65 4 80 77 34 23 50 52 8 96 13 71 17 5 45 1 15 44 46 64 87 71 95 52 79 87 88 41 75 6 70 97 56 7 65 25 54 75 90 56 20 53 89 48 40 4 64 30 26 78 52 32 31 20 0 64 3 35 34 81 12 63 56 55 78 26 49 44 2 74 95
TestCase-10
115
61 48 38 8 97 18 54 26 74 35 10 18 96 72 71 36 77 55 67 91 87 27 99 90 70 92 55 2 29 40 59 39 5 2 66 28 16 89 71 40 81 82 54 23 78 56 59 29 5 87 78 32 19 82 31 95 30 22 62 77 64 66 66 82 42 42 31 98 5 49 74 79 3 72 74 96 22 83 71 48 0 43 20 15 44 47 56 31 1 32 45 79 87 90 72 13 13 21 2 78 47 23 19 60 9 24 57 42 19 53 8 94 39 97 23
TestCase-11
19
16 55 51 19 73 42 96 27 43 95 77 66 54 46 41 51 94 97 29
TestCase-12
33
39 32 50 98 47 68 97 67 58 36 16 40 61 78 49 74 16 41 65 94 86 48 96 29 43 7 30 47 55 61 91 81 79
TestCase-13
186
24 18 65 20 69 56 65 64 85 6 69 35 35 84 89 73 5 49 79 57 49 53 25 60 49 30 38 72 53 7 84 45 55 90 73 2 49 44 89 5 70 92 41 48 50 91 0 73 89 79 54 96 79 57 30 58 43 90 13 2 19 25 60 8 41 24 86 91 98 17 84 34 38 69 6 99 1 17 90 72 26 60 82 5 28 89 38 49 7 30 13 41 58 98 3 98 47 91 58 66 41 80 14 53 18 25 10 82 41 34 39 23 2 25 51 96 79 53 13 24 42 58 73 1 80 42 57 74 8 86 7 63 63 94 75 64 59 42 96 55 74 96 49 15 43 57 92 66 79 5 88 23 62 79 99 8 56 30 81 70 91 60 88 40 53 61 75 10 24 92 58 76 42 44 21 3 59 34 52 68 96 85 35 26 68 24
TestCase-14
169
6 81 61 10 17 38 83 84 57 56 75 92 24 97 75 94 35 22 93 51 35 41 48 77 56 95 12 41 39 66 0 83 11 84 77 0 1 55 37 7 86 66 88 43 11 39 16 44 36 55 89 42 99 1 58 49 48 23 74 2 99 71 44 56 61 21 62 39 60 79 49 6 71 33 8 99 81 48 52 92 91 6 35 85 74 23 23 92 19 69 42 25 46 36 59 72 34 80 71 41 5 50 26 5 88 1 4 3 51 25 63 48 89 13 94 90 63 18 35 10 66 49 98 76 35 67 86 16 10 27 31 21 35 65 74 17 26 80 69 7 61 28 17 87 67 20 84 40 97 83 77 47 5 32 90 20 85 87 40 26 72 20 3 18 13 31 31 29 70
TestCase-15
56
73 98 98 89 0 1 81 59 7 78 52 0 86 26 69 55 71 68 80 76 85 15 69 97 37 65 81 50 69 56 7 25 15 81 90 41 48 3 17 66 76 53 28 34 41 56 87 55 68 41 31 95 16 79 89 62
TestCase-16
151
58 31 8 71 93 19 63 7 75 5 5 78 35 11 41 31 68 76 56 77 26 29 92 53 91 74 78 97 16 51 6 2 80 40 50 62 50 99 5 46 12 88 52 35 54 18 73 60 74 37 36 49 0 12 79 2 15 67 62 63 42 43 41 56 42 36 84 48 78 49 32 92 55 71 89 75 64 90 93 24 25 85 15 90 71 53 51 97 23 37 50 50 21 79 31 89 40 79 47 12 21 82 33 39 43 2 99 53 1 60 36 34 40 91 90 46 65 29 80 67 79 97 80 10 82 24 68 66 76 84 84 23 72 5 79 93 12 37 16 83 85 96 68 50 66 94 93 52 14 10 0
TestCase-17
159
83 59 93 96 48 19 81 57 20 19 81 63 82 85 60 19 73 41 29 17 48 67 70 73 16 10 48 78 59 75 41 10 87 77 72 87 72 98 96 18 5 31 71 37 48 55 62 52 54 49 1 86 84 72 22 25 74 42 46 81 79 51 23 85 1 10 20 55 16 92 7 47 28 25 98 59 19 39 28 24 73 88 69 50 64 94 71 1 55 39 76 47 76 96 12 67 89 76 18 19 23 20 51 80 56 7 79 47 63 42 46 61 36 35 34 21 28 63 64 65 63 83 81 13 66 63 29 47 8 69 10 36 22 0 13 63 79 25 66 17 90 26 22 42 97 93 95 7 97 88 88 30 26 49 18 24 44 59 63
TestCase-18
147
79 47 0 72 96 2 33 30 48 38 37 37 63 46 71 89 19 32 58 86 7 6 55 35 64 94 3 12 72 75 69 67 84 95 22 46 43 79 58 69 84 63 0 76 11 20 58 89 75 77 70 33 96 27 73 50 64 49 30 91 91 84 40 90 63 83 94 65 14 53 99 89 67 32 69 42 32 51 4 33 77 62 79 45 15 21 36 4 22 89 18 16 16 88 63 22 79 58 18 62 39 82 4 61 3 27 36 68 70 19 64 34 96 13 63 84 97 40 16 54 76 79 35 42 54 80 69 46 40 28 93 96 73 88 96 43 48 73 89 42 45 78 86 1 17 82 13
TestCase-19
125
32 16 70 83 1 29 86 80 61 65 92 85 72 18 66 55 65 40 99 5 20 23 40 74 34 24 22 29 4 65 81 72 15 21 75 43 61 1 20 86 34 0 53 59 70 89 82 61 79 4 64 10 64 47 56 25 79 1 77 96 71 47 21 7 54 83 74 42 94 12 17 55 70 12 8 71 44 99 11 68 75 7 95 78 40 78 35 73 9 13 62 95 9 95 42 97 59 99 88 99 15 2 65 84 38 83 58 14 76 24 83 45 76 3 38 98 89 56 68 99 57 7 37 80 13
TestCase-20
56
26 7 82 5 58 47 52 81 58 37 62 38 6 50 51 79 74 45 18 56 93 77 58 4 17 2 82 8 85 61 58 51 43 78 45 54 84 41 90 98 91 12 49 2 11 31 15 40 56 82 40 35 64 1 5 85
TestCase-21
125
42 10 40 34 50 11 60 76 34 73 87 51 48 99 19 5 8 9 29 41 26 19 48 71 44 67 45 69 44 10 51 37 64 81 24 33 89 44 60 6 83 22 45 34 72 73 1 76 24 86 90 77 24 95 90 79 39 25 56 54 86 69 64 8 92 88 66 47 41 12 90 54 15 78 56 83 84 78 88 77 62 0 68 71 19 65 69 57 44 66 75 82 47 34 5 92 94 99 52 69 57 45 88 3 84 20 96 37 18 81 70 42 0 85 85 82 34 11 47 39 32 65 69 5 60
TestCase-22
166
37 15 63 14 75 7 82 70 9 46 10 84 70 67 72 60 32 37 11 72 65 48 10 83 16 74 39 77 60 35 12 63 2 94 37 83 15 79 2 17 35 58 39 62 62 74 10 70 81 13 99 63 39 88 55 89 56 74 11 78 35 35 33 49 3 4 48 72 12 21 40 48 75 32 15 70 50 33 62 56 21 98 1 46 68 42 70 14 55 0 86 93 73 9 33 32 69 10 44 97 6 40 15 86 79 77 89 60 98 48 35 82 59 16 56 29 90 7 77 64 25 92 23 48 91 13 64 56 37 51 31 65 38 37 71 67 45 25 5 45 52 44 81 50 7 3 22 24 57 72 82 59 78 9 75 77 30 34 17 83 33 63 28 28 6 74
TestCase-23
82
48 54 16 78 83 29 28 78 60 34 54 44 46 82 1 93 11 94 2 31 87 95 45 98 5 11 17 67 85 38 50 89 87 94 96 54 48 91 30 10 55 70 17 14 13 37 18 50 6 11 58 29 33 22 22 93 20 17 40 29 14 18 16 53 27 13 96 93 81 5 58 3 60 66 85 49 82 67 36 31 94 33
TestCase-24
73
51 69 0 69 5 3 43 41 49 90 98 49 83 13 36 59 61 62 85 84 77 90 67 81 56 15 48 69 78 15 89 34 13 26 56 6 19 7 62 39 87 17 90 86 14 49 7 77 51 91 80 63 32 65 14 63 27 15 31 99 37 60 65 23 83 62 95 17 97 3 19 6 92
TestCase-25
50
49 44 26 2 93 50 23 23 56 3 26 20 73 93 46 57 87 0 3 73 72 20 36 19 6 25 48 72 74 71 90 6 94 4 81 41 33 53 48 25 70 8 89 24 15 0 18 2 29 50
TestCase-26
177
5 91 67 32 70 76 55 91 47 59 1 87 6 11 11 50 61 2 67 44 43 23 49 39 20 86 55 35 22 0 26 32 78 5 18 12 49 40 51 68 84 20 21 3 82 71 80 59 11 84 63 8 82 19 66 47 68 27 71 8 29 28 32 0 28 45 37 12 29 68 95 96 93 75 33 98 85 46 98 63 24 94 12 79 25 58 23 80 38 53 48 43 80 42 51 5 67 32 14 25 30 66 13 49 43 40 66 25 62 55 72 43 49 86 45 81 53 36 87 78 31 31 97 55 87 57 0 82 86 30 97 73 6 5 78 38 91 14 22 67 52 35 77 98 5 57 79 51 58 86 78 45 20 19 97 95 11 83 29 52 50 90 47 76 50 77 98 76 97 24 65 46 98 2 8 97 18
TestCase-27
31
32 26 89 31 1 26 34 4 98 84 18 45 50 45 72 19 64 34 1 58 12 28 45 19 4 65 95 31 65 41 37
TestCase-28
173
82 78 9 54 73 16 80 74 80 23 12 7 9 29 35 19 43 4 57 77 32 40 88 78 1 26 24 75 42 63 50 15 30 41 55 22 42 19 38 74 13 95 9 89 36 15 76 83 88 45 21 90 69 50 45 70 32 88 20 10 47 10 72 26 2 13 66 74 54 88 55 58 27 62 14 35 79 81 58 99 97 42 85 45 28 26 64 56 96 69 89 76 26 33 20 16 32 98 64 68 85 20 59 18 93 32 88 67 79 16 2 49 56 7 23 55 1 90 15 40 36 72 80 53 94 32 80 58 74 80 84 69 20 52 15 12 28 43 85 54 84 44 94 43 20 46 33 72 52 24 59 0 38 76 31 56 95 7 9 91 72 56 13 98 71 14 1 99 95 2 27 22 75
TestCase-29
123
82 61 81 49 19 59 44 11 64 48 50 81 61 14 58 97 18 49 69 26 69 99 79 24 51 37 80 96 38 50 23 63 29 61 72 29 56 78 34 55 4 57 11 87 50 80 37 43 29 73 52 87 84 25 7 45 29 91 98 31 27 39 59 43 6 45 1 53 37 59 67 40 73 33 88 82 99 11 96 38 54 65 76 68 37 60 22 55 8 55 95 48 62 58 21 76 56 93 11 89 68 93 54 23 27 76 79 61 74 11 52 86 51 22 28 75 66 59 71 39 91 40 38
TestCase-30
66
48 83 29 82 59 18 59 86 95 28 71 84 91 25 36 12 60 78 94 7 72 95 90 13 74 87 28 17 15 29 93 18 31 68 93 90 76 72 57 66 72 28 99 57 69 86 52 43 1 30 47 77 64 65 37 16 25 90 92 41 17 4 71 53 4 11
TestCase-31
184
46 51 55 63 8 34 26 70 48 92 34 83 36 17 76 12 79 22 41 13 98 87 1 84 42 80 51 8 62 4 99 15 70 11 52 42 94 41 91 9 46 61 15 75 23 49 77 18 9 79 51 5 83 50 48 49 54 71 4 14 1 85 37 36 93 12 24 7 51 33 12 25 96 53 60 84 65 39 9 36 54 50 8 76 24 39 7 54 53 55 61 22 16 76 10 97 41 80 82 66 30 78 39 52 78 23 63 96 16 13 52 83 59 29 52 22 55 7 31 22 50 13 18 91 7 88 51 64 53 41 57 7 13 24 54 33 2 34 23 33 24 55 60 75 58 20 15 5 3 27 9 2 64 67 29 45 11 5 66 49 58 18 18 41 77 73 64 78 43 41 63 80 60 53 80 76 57 49 13 8 81 6 55 23
TestCase-32
106
8 58 7 31 90 12 54 76 9 20 41 50 14 0 64 88 10 92 28 38 39 83 22 16 17 86 96 24 33 66 51 1 70 52 18 84 10 52 68 91 84 80 14 18 90 54 39 94 76 81 10 62 66 42 0 62 96 74 64 42 32 20 46 82 99 18 64 28 17 16 49 91 56 78 47 80 62 37 81 24 94 78 83 74 81 55 44 44 98 94 21 5 69 18 99 41 2 4 62 28 76 55 84 45 17 46
TestCase-33
128
79 36 22 40 72 16 62 23 19 14 42 50 26 98 78 93 1 66 16 49 92 2 0 19 36 98 65 72 25 53 36 22 98 54 10 0 20 30 50 61 23 3 95 24 75 15 68 22 67 19 90 5 80 79 86 4 20 88 97 23 65 35 9 89 71 32 7 49 9 71 39 65 66 5 37 81 75 87 47 83 31 45 26 17 92 56 71 91 49 48 79 25 54 50 37 92 8 75 7 67 26 3 38 98 57 94 16 57 50 50 6 32 97 28 8 22 73 58 98 47 59 48 51 80 81 64 77 57
TestCase-34
44
12 85 53 61 51 96 44 28 44 70 57 5 62 64 51 55 68 19 2 99 40 84 1 25 39 86 59 74 80 77 1 51 13 68 46 55 92 78 4 4 57 80 87 66
TestCase-35
166
42 54 81 27 68 44 51 77 27 54 98 52 32 6 93 72 25 62 43 69 67 63 80 47 85 63 78 49 87 25 47 95 13 16 90 77 72 24 65 79 66 36 3 13 31 65 4 25 91 70 39 4 42 45 93 58 3 59 28 12 29 74 90 59 83 41 67 72 12 80 35 97 3 50 86 37 60 45 1 43 89 13 26 93 48 67 27 83 3 14 30 45 52 40 77 61 2 37 81 24 4 96 29 35 56 34 18 31 14 23 29 37 21 96 21 2 64 2 12 3 12 82 79 11 99 38 56 98 43 55 76 30 54 86 28 10 55 33 3 60 82 55 36 26 13 84 26 1 69 50 96 72 28 22 51 8 6 14 28 28 44 49 37 51 72 23
TestCase-36
126
42 28 46 56 7 98 84 44 43 40 76 55 84 50 2 67 91 62 40 15 38 98 56 62 23 6 2 39 32 92 41 33 4 69 3 28 48 91 12 94 65 37 18 33 25 64 23 91 81 58 25 50 55 25 52 40 62 73 66 1 86 39 88 83 49 90 94 89 77 23 33 74 34 19 12 9 15 18 17 24 41 53 77 95 92 21 3 56 6 59 67 79 53 0 82 28 27 48 46 72 98 14 2 9 28 37 57 50 27 80 63 68 37 9 20 27 40 24 39 65 86 79 51 73 43 84
TestCase-37
51
71 67 67 98 75 89 67 45 64 42 68 56 36 23 94 64 86 13 26 16 84 56 48 62 1 50 10 17 60 33 26 46 28 1 72 84 35 7 14 66 65 0 76 49 78 55 62 36 43 91 88
TestCase-38
137
30 42 57 87 22 30 92 60 71 38 14 55 42 95 22 77 28 61 7 11 44 9 60 17 0 20 7 57 36 59 72 30 55 82 23 1 87 95 45 60 47 31 52 30 77 43 43 42 9 92 56 69 86 85 61 72 56 61 73 4 32 33 38 3 50 95 3 48 93 61 41 55 89 57 44 2 47 23 74 79 13 96 64 75 28 35 0 90 76 19 34 12 17 36 36 38 59 42 26 80 49 94 0 98 41 10 76 16 17 60 1 20 38 19 80 58 42 69 87 71 20 64 43 12 43 44 41 64 79 36 94 39 21 27 65 97 81
TestCase-39
120
68 99 2 82 73 18 19 99 92 97 87 77 58 13 10 73 93 54 22 33 65 16 76 92 31 83 98 12 6 44 86 33 53 6 99 22 95 37 68 80 74 78 40 67 8 53 47 23 80 20 37 61 24 78 0 24 42 17 58 64 76 56 10 28 61 2 0 93 48 61 49 98 56 78 94 24 39 39 44 77 8 78 81 3 53 73 4 98 89 39 95 94 68 54 89 87 43 87 54 22 77 44 28 80 88 95 79 76 35 80 20 72 27 13 36 43 66 10 68 53
TestCase-40
85
12 50 20 69 0 68 78 67 49 78 60 19 97 38 86 40 66 78 85 55 35 3 81 7 22 13 90 92 8 62 10 66 95 59 73 62 33 76 42 41 29 62 43 51 3 98 48 95 7 37 59 82 3 99 61 22 80 20 71 3 3 61 19 28 94 18 71 91 9 50 94 69 38 46 70 83 14 86 2 60 51 10 65 86 34
TestCase-41
194
54 32 41 26 3 72 40 34 54 53 73 33 4 10 2 22 47 58 60 7 34 29 63 30 53 32 24 89 8 87 77 94 61 81 86 58 14 72 16 88 51 94 19 10 31 53 90 32 46 91 83 55 31 66 88 1 64 99 4 74 8 79 44 3 82 6 60 39 42 77 96 79 5 70 63 76 43 38 91 0 4 44 29 90 69 84 12 19 83 21 28 20 99 77 93 94 40 2 10 28 26 3 34 87 15 3 22 53 35 17 6 90 36 0 22 95 54 83 75 1 99 34 66 89 46 90 40 31 43 54 45 13 19 84 14 64 14 63 55 77 76 19 36 9 75 85 86 34 14 39 71 65 6 36 25 70 5 17 26 92 65 94 84 49 57 50 77 24 17 15 79 41 58 61 78 56 53 9 45 56 24 59 91 74 59 18 21 16 46 29 53 50 49 47
TestCase-42
188
41 81 57 94 42 27 46 78 35 79 71 20 47 5 36 49 37 88 75 6 5 50 97 9 54 52 45 22 25 63 57 0 77 73 25 7 2 45 33 79 72 71 45 64 51 78 97 84 20 90 93 27 81 89 44 55 20 57 67 81 87 36 1 54 5 49 0 45 34 38 33 0 74 27 54 57 66 65 27 20 87 42 4 58 94 25 28 9 56 74 31 85 99 72 53 73 61 27 66 71 32 40 88 10 55 59 74 82 41 49 16 59 68 77 21 11 70 64 99 76 34 52 68 24 69 29 34 87 7 46 42 73 31 69 44 10 42 65 85 85 66 14 91 18 16 40 89 47 55 14 30 4 28 28 9 48 71 82 14 49 18 6 60 97 20 58 24 58 39 20 92 63 22 7 80 17 67 34 71 26 53 82 22 99 53 67 45 99
TestCase-43
15
70 0 22 14 41 4 23 72 39 87 39 87 50 24 90
TestCase-44
88
33 98 28 60 77 4 68 11 56 88 11 22 49 13 97 86 10 17 15 28 51 15 61 72 10 22 8 69 12 42 67 37 29 51 24 3 16 18 19 92 94 49 34 86 62 93 75 61 82 93 40 40 66 95 40 61 86 40 26 39 77 62 66 54 62 98 80 28 38 78 11 67 9 67 72 11 74 22 84 51 59 70 24 85 63 58 5 66
TestCase-45
178
24 78 72 47 50 44 81 99 83 51 6 45 29 28 90 14 6 6 49 41 87 4 22 99 81 73 17 48 59 20 63 66 78 78 45 15 99 22 64 32 53 10 77 39 45 68 22 80 62 17 71 24 94 62 69 43 89 29 73 44 89 86 59 49 80 56 72 85 29 96 96 15 90 18 62 6 3 41 56 81 47 27 40 13 89 27 2 32 12 44 40 83 24 57 15 92 15 62 92 63 47 1 21 12 67 5 9 29 12 31 87 79 84 26 36 98 82 25 27 63 11 29 54 45 36 75 60 27 74 11 84 5 61 25 66 55 40 89 48 80 99 42 47 66 38 26 99 73 83 77 61 11 4 0 33 74 99 54 12 98 31 73 6 35 2 52 76 4 18 94 50 3 81 25 36 17 48 9
TestCase-46
176
73 25 41 55 18 71 60 47 33 31 26 4 57 66 16 73 15 85 31 1 86 61 69 53 45 3 82 79 3 63 88 45 9 39 29 10 55 12 43 61 3 74 43 99 45 52 31 31 14 85 92 95 99 60 80 59 69 10 50 41 7 20 60 40 17 75 32 15 48 31 41 56 3 8 50 56 57 82 28 73 59 95 77 69 85 66 99 11 34 87 85 82 37 48 93 82 72 66 41 34 35 30 82 73 57 48 39 33 79 97 50 40 76 6 27 39 42 37 6 54 86 53 3 49 6 1 32 0 83 43 68 6 88 49 39 52 24 8 67 12 47 82 66 51 83 29 94 27 29 27 86 48 99 27 3 99 4 84 25 41 91 41 73 1 62 96 96 38 47 54 62 20 15 94 87 25
TestCase-47
42
28 15 74 76 69 70 92 46 98 50 12 39 12 17 83 24 44 61 54 43 12 93 73 58 71 86 55 12 61 58 53 92 83 29 60 84 40 71 8 64 48 63
TestCase-48
80
70 15 47 41 95 98 26 5 61 93 29 92 83 42 6 54 86 17 27 61 75 84 77 29 88 19 4 32 27 92 7 26 28 78 34 49 13 57 96 60 28 26 60 53 88 12 1 38 70 84 3 49 21 25 7 35 10 48 91 34 22 86 17 46 11 57 68 82 11 5 92 68 44 72 2 47 20 71 22 79
TestCase-49
141
57 85 65 0 65 47 81 60 71 24 71 80 34 7 88 59 59 1 37 53 47 76 47 49 13 83 88 55 15 60 19 90 32 20 42 90 49 54 33 12 1 73 35 11 43 96 65 42 94 55 60 44 59 82 57 98 29 32 57 61 20 18 43 69 96 23 91 84 62 65 9 98 73 38 46 40 76 89 5 59 84 2 61 35 75 1 57 91 51 5 70 76 46 8 70 63 68 69 50 87 53 95 86 4 4 13 38 99 35 28 20 59 43 88 0 48 8 3 53 68 77 60 14 82 19 54 19 5 96 19 73 18 71 81 38 99 88 78 89 65 72
TestCase-50
127
10 97 11 86 32 4 4 93 35 53 61 83 1 36 84 38 59 92 76 22 45 52 23 57 6 55 30 0 34 18 74 76 14 47 4 50 20 97 94 76 85 23 21 53 72 54 11 54 85 46 14 27 10 75 54 6 96 32 93 1 47 17 34 50 92 24 72 6 30 6 41 19 80 27 75 36 79 48 45 5 58 67 38 70 16 48 57 71 7 6 97 0 86 40 71 95 33 34 33 93 75 1 92 56 58 98 85 52 99 31 99 78 11 60 69 96 90 13 17 80 27 63 8 82 28 42 38
TestCase-51
16
55 5 38 67 18 96 34 35 44 95 66 5 88 23 97 74
TestCase-52
148
33 0 87 98 56 11 20 88 82 36 8 79 64 27 8 14 20 38 46 81 49 89 90 31 17 63 82 6 26 61 78 26 40 5 66 69 10 56 96 9 55 77 34 44 90 70 62 58 48 96 62 44 10 99 85 99 81 79 29 8 80 63 45 3 11 90 6 79 28 28 3 16 53 45 32 38 30 55 12 18 96 64 92 45 56 21 14 74 33 43 41 34 3 97 0 98 31 23 21 79 75 91 71 53 94 13 0 85 33 45 44 58 73 12 70 36 38 24 2 22 29 9 80 70 7 18 50 17 83 98 50 42 3 47 82 15 67 10 12 82 27 75 54 40 32 23 6 25
TestCase-53
55
52 55 53 54 40 18 31 88 34 64 6 4 25 12 68 43 42 70 5 41 26 69 81 82 71 20 58 70 64 37 67 14 11 81 39 23 41 64 87 14 63 30 27 1 73 26 82 35 12 93 75 99 74 77 72
TestCase-54
91
88 37 91 2 63 83 83 4 1 20 49 91 56 24 92 78 59 74 77 65 27 42 26 54 45 10 79 97 53 83 98 3 96 36 85 15 56 0 17 90 9 8 40 40 82 6 92 45 54 40 4 53 32 48 72 70 7 15 6 63 85 89 20 74 4 7 61 48 78 11 59 90 21 96 37 26 76 7 68 97 24 26 76 28 75 64 17 29 66 55 58
TestCase-55
35
62 16 24 78 17 13 19 47 93 97 78 35 1 79 64 5 55 57 21 77 50 28 85 13 81 33 9 28 17 48 72 71 8 35 9
TestCase-56
141
31 44 36 21 73 30 98 87 57 6 90 39 37 93 66 39 19 61 10 21 46 68 22 60 80 9 97 93 41 19 90 47 57 23 49 90 59 49 16 42 78 57 89 7 32 67 47 12 90 89 74 39 69 44 85 20 10 23 89 54 49 45 44 82 40 70 79 62 29 82 35 19 55 28 2 88 81 52 81 6 26 49 88 4 8 89 75 94 17 75 95 3 26 74 22 34 39 13 29 65 49 42 28 3 3 93 52 14 68 49 71 89 43 48 39 71 63 27 98 8 88 98 53 91 70 92 55 72 62 29 38 67 73 84 18 80 63 0 47 70 58
TestCase-57
11
27 38 30 84 59 27 38 57 56 90 86
TestCase-58
101
43 85 6 79 91 67 51 13 61 40 32 51 72 93 70 26 5 43 42 84 76 28 64 52 53 15 51 46 39 95 40 12 76 0 28 99 39 27 25 37 32 27 85 86 90 88 53 54 86 53 63 82 37 54 65 55 99 41 3 69 53 73 17 22 21 94 57 15 49 79 61 67 66 50 79 9 11 83 32 31 11 52 28 66 75 22 53 8 54 83 7 81 50 8 50 72 93 25 26 76 49
TestCase-59
31
80 3 20 6 10 50 75 99 79 33 96 3 88 60 81 42 83 75 57 75 41 98 92 60 21 59 75 88 24 1 97
TestCase-60
154
98 86 2 20 57 62 82 42 16 12 62 65 3 23 41 2 14 4 56 56 65 1 6 2 15 99 19 2 25 30 5 56 9 74 42 1 85 65 5 17 92 33 71 6 44 24 52 37 71 12 25 43 1 29 32 12 43 66 37 78 19 27 2 18 26 68 54 27 66 64 3 16 77 54 32 28 40 96 28 62 59 77 67 30 6 23 55 4 61 69 68 56 86 42 87 29 69 59 90 89 18 73 49 55 39 7 73 53 33 53 14 84 96 38 48 53 31 80 85 90 48 59 72 26 72 89 88 7 86 39 26 80 54 44 30 41 57 52 98 29 93 92 2 36 59 77 83 83 91 55 79 44 46 25
TestCase-61
92
22 13 69 72 69 48 1 34 9 7 89 85 50 67 95 42 29 84 83 78 33 62 62 24 80 12 28 11 96 48 76 51 15 13 21 3 35 24 72 57 90 12 10 64 23 40 33 63 29 19 11 68 24 49 9 34 24 62 47 9 6 17 77 96 58 98 9 72 6 53 61 65 69 14 91 94 19 27 7 95 38 13 96 32 27 32 73 60 17 77 98 33
TestCase-62
154
97 73 63 28 2 80 3 67 98 33 18 34 63 51 20 41 51 29 11 47 73 76 64 0 36 27 52 9 43 71 46 69 24 10 43 45 56 76 37 91 50 24 22 46 56 54 31 46 35 26 73 23 94 45 95 54 21 90 66 92 18 0 93 86 51 7 61 98 95 88 39 99 83 12 64 41 50 31 49 56 31 37 48 73 83 6 83 3 22 13 26 60 74 47 80 54 3 37 7 21 68 25 28 77 14 43 71 26 32 1 9 36 13 88 6 80 30 7 97 36 40 74 2 23 46 77 16 31 74 25 24 33 98 17 91 15 58 69 11 36 7 14 89 69 61 57 78 2 89 15 18 38 21 33
TestCase-63
78
66 10 85 21 40 87 44 22 98 74 11 95 21 80 35 59 42 95 98 9 25 73 89 7 51 10 85 37 99 24 24 35 24 29 24 46 80 14 27 37 99 85 22 78 52 87 29 23 69 37 28 99 88 24 36 21 29 35 73 29 91 44 66 92 39 23 50 94 9 18 19 74 58 92 65 40 4 97
TestCase-64
65
32 71 38 50 75 24 10 71 52 65 55 22 16 0 86 68 13 25 58 61 72 80 58 1 48 97 63 6 25 33 53 36 11 39 73 47 6 84 30 35 67 79 47 43 80 61 5 51 26 31 9 80 67 98 53 71 0 23 75 70 47 32 28 67 57
TestCase-65
111
25 15 13 79 96 35 84 61 42 95 76 87 24 34 77 85 6 99 83 90 91 96 47 15 75 64 6 10 49 72 2 33 5 49 90 67 24 11 34 97 57 1 83 39 90 89 20 97 40 55 10 3 60 55 43 51 74 3 72 49 17 51 68 74 46 54 68 13 40 43 86 95 66 16 41 95 36 20 41 60 98 15 5 32 61 68 70 57 24 33 41 34 89 92 70 71 25 55 35 28 0 46 0 49 34 38 18 67 46 98 34
TestCase-66
161
54 67 51 69 1 36 23 48 3 35 21 39 47 74 25 73 71 17 57 84 61 49 42 74 42 26 83 93 77 90 29 24 69 72 9 68 82 14 38 1 17 11 53 12 19 65 8 50 64 4 31 93 76 68 8 20 73 83 22 47 68 7 78 13 9 62 84 66 99 0 51 87 50 12 32 47 72 81 60 16 72 93 43 29 73 77 14 92 79 31 14 14 20 55 82 75 9 7 69 52 34 78 85 1 96 95 36 37 40 32 42 45 35 28 15 69 44 22 56 29 1 1 39 46 80 15 66 2 48 79 88 18 88 0 37 4 71 12 35 79 65 0 97 88 13 39 48 57 4 94 48 76 74 69 34 71 27 29 37 83 67
TestCase-67
10
47 44 23 26 44 23 14 38 20 61
TestCase-68
195
33 12 64 84 31 52 43 29 86 26 42 26 77 56 40 70 99 27 25 55 33 70 30 99 75 20 80 78 15 28 15 44 18 78 33 60 64 8 39 41 31 40 75 7 55 6 35 8 65 2 59 71 6 68 44 75 39 63 64 48 6 44 30 57 9 62 13 31 93 76 68 98 96 31 86 91 0 46 24 49 66 98 3 66 87 70 82 3 16 90 71 38 32 99 5 30 48 55 48 99 73 67 46 53 3 74 56 77 55 97 1 27 73 53 64 78 66 25 12 60 47 47 2 1 49 35 28 59 88 33 67 61 53 55 47 6 83 52 69 21 35 38 70 97 59 84 51 13 35 56 35 45 30 86 94 88 74 50 24 31 66 28 17 74 33 37 72 55 23 82 56 73 70 2 33 91 7 41 41 33 78 54 81 84 77 58 83 8 49 12 56 81 13 25 48
TestCase-69
174
55 11 35 5 48 80 11 34 82 54 75 52 92 83 16 68 67 27 25 26 38 75 78 30 58 47 24 7 34 24 0 73 66 12 98 20 48 2 41 80 6 60 27 17 16 64 82 19 9 2 30 66 51 83 8 10 46 32 77 24 95 72 13 80 70 14 74 3 78 49 27 61 31 22 18 76 65 32 91 14 40 91 57 46 64 76 93 37 39 71 57 9 12 51 96 81 72 58 67 11 16 63 14 36 58 49 43 10 6 88 14 94 12 0 96 7 78 71 34 64 19 7 1 94 75 89 20 62 7 78 31 78 69 88 0 4 71 67 8 87 46 21 8 80 10 33 63 89 91 13 30 7 56 10 96 68 70 12 72 18 16 70 32 29 17 40 36 2 63 62 23 38 53 64
TestCase-70
92
61 60 9 13 40 26 79 35 45 61 67 0 29 33 1 14 57 64 17 66 13 40 61 51 78 47 28 7 66 76 17 50 68 67 56 20 52 54 38 42 84 51 4 0 88 49 8 5 91 35 92 7 57 74 26 93 9 45 71 91 76 98 32 12 80 8 27 7 44 55 3 20 47 25 62 56 37 24 10 64 25 43 73 16 57 16 19 52 95 97 60 38
TestCase-71
80
96 32 50 3 43 32 29 75 98 99 27 34 86 96 30 79 9 33 65 61 10 11 39 12 75 71 43 68 51 70 57 11 78 28 31 39 93 29 10 57 6 40 7 95 1 98 93 7 45 6 54 59 64 67 87 17 81 81 29 91 71 53 70 78 57 67 45 44 44 28 90 55 93 14 89 53 14 87 49 37
TestCase-72
37
20 11 40 42 86 86 91 42 22 15 48 69 92 58 16 33 82 47 85 40 4 84 72 80 47 82 80 97 17 30 26 4 43 88 49 9 78
TestCase-73
94
34 90 9 51 84 99 99 70 48 24 57 99 83 21 75 68 70 81 2 57 27 89 87 63 68 98 87 82 10 46 31 57 35 47 28 12 60 59 97 70 45 14 28 6 42 11 34 46 58 7 65 77 9 69 16 99 75 75 26 54 45 27 85 76 7 20 94 10 76 96 61 44 43 91 0 89 92 23 70 51 30 50 74 81 6 64 21 29 88 96 67 74 47 54
TestCase-74
180
93 23 47 34 58 16 19 64 71 22 69 27 19 36 46 28 70 84 4 41 83 46 92 55 22 50 95 4 99 13 46 11 39 22 36 91 85 27 85 95 10 93 3 32 13 6 15 19 98 7 43 92 65 46 3 87 71 28 55 94 71 28 7 39 28 89 85 39 21 27 79 25 91 42 87 4 41 93 1 57 40 48 97 11 48 21 6 83 13 0 99 2 70 80 17 28 13 28 81 0 33 93 46 92 37 38 53 72 70 84 91 20 82 3 51 34 23 83 47 96 27 6 14 58 20 66 27 94 25 18 74 71 97 58 21 37 13 49 73 47 6 11 25 2 29 32 64 85 32 69 37 79 78 38 99 68 72 97 22 81 36 94 99 17 12 28 56 38 84 91 17 67 4 2 77 99 49 48 50 66
TestCase-75
125
94 38 6 2 51 14 52 57 25 33 16 15 1 50 70 55 37 49 52 89 14 90 41 8 96 25 27 79 60 68 62 4 56 88 41 82 0 50 73 76 67 90 86 63 80 2 79 2 43 98 65 99 95 2 71 48 22 70 37 48 81 89 46 17 24 62 82 27 29 73 71 58 47 88 55 41 48 75 93 33 17 42 28 38 72 47 81 29 96 93 64 54 23 57 87 67 33 86 78 98 30 47 0 7 16 52 32 97 48 44 24 43 85 76 0 62 86 9 37 78 61 61 74 81 53
TestCase-76
87
57 36 89 85 83 36 95 16 98 39 5 47 25 48 65 84 5 93 75 23 60 33 62 74 38 51 89 62 27 36 47 59 27 58 34 31 17 71 43 95 32 19 42 75 31 61 61 66 74 40 74 83 37 95 17 74 35 44 61 32 27 98 30 24 52 26 86 12 69 18 69 61 78 22 38 73 68 28 74 5 74 79 14 37 47 56 78
TestCase-77
154
51 91 13 78 54 95 64 13 27 7 22 49 85 52 56 29 49 98 80 56 85 75 21 47 56 63 32 80 73 80 24 12 25 42 4 80 39 13 23 45 9 23 26 84 37 36 27 98 37 22 54 16 47 33 51 62 52 99 25 4 50 12 9 98 97 92 45 78 57 58 41 63 56 39 50 71 59 74 30 87 30 52 7 1 78 80 63 14 11 2 45 15 17 69 2 25 48 75 38 21 79 72 79 25 28 22 74 50 42 24 92 41 72 16 45 64 69 49 60 95 15 92 9 28 42 97 6 99 6 54 75 73 81 61 79 99 86 96 90 89 28 68 16 33 52 9 90 31 22 78 21 6 80 63
TestCase-78
18
85 11 51 0 35 54 23 64 69 83 4 38 15 38 24 7 38 71
TestCase-79
86
38 3 87 12 62 64 86 14 81 83 17 89 90 60 32 12 40 71 11 63 39 98 36 75 5 27 26 45 10 25 94 30 71 4 99 31 79 76 95 55 8 40 51 27 71 77 24 85 63 6 80 72 95 98 7 58 16 4 1 47 76 65 65 43 64 95 60 44 0 88 6 23 55 8 42 89 94 37 65 84 88 5 8 77 19 92
TestCase-80
49
92 5 83 50 33 18 97 97 33 32 23 15 86 73 62 21 89 55 97 79 14 36 24 96 73 16 79 22 72 37 79 91 68 15 1 65 15 73 40 91 96 91 63 50 6 27 34 75 25
TestCase-81
154
85 43 90 52 66 98 46 42 9 19 56 87 32 55 80 7 88 9 77 10 77 40 79 73 95 49 18 94 91 48 55 41 88 10 6 22 46 77 35 78 37 22 73 65 5 1 86 79 17 40 18 63 52 85 29 34 58 57 96 63 42 18 3 65 20 20 75 11 40 47 70 18 53 8 55 29 18 74 56 83 46 78 46 96 69 71 89 18 74 4 13 26 94 19 94 21 35 36 71 72 70 0 25 86 6 44 53 23 39 67 17 86 43 67 51 62 3 72 0 18 29 62 36 55 60 17 54 30 22 86 44 0 33 16 3 4 14 9 73 43 60 49 99 74 87 28 91 75 71 15 4 0 54 42
TestCase-82
154
7 34 7 49 6 6 12 65 10 86 83 82 2 64 7 60 58 66 28 99 41 65 31 15 52 65 32 35 26 19 50 0 65 58 98 22 6 48 42 16 64 45 8 67 29 76 85 17 63 41 67 39 4 73 85 74 4 66 85 99 18 3 68 73 54 73 19 84 39 41 43 60 83 35 76 55 77 81 5 5 22 62 43 87 97 6 77 27 65 51 29 5 97 70 63 12 5 36 60 5 49 57 44 43 1 87 45 59 94 52 80 25 53 53 53 7 35 54 31 40 70 27 8 37 7 32 71 50 49 55 88 48 36 46 64 28 62 75 67 15 83 32 82 69 20 21 56 74 0 12 19 42 9 81
TestCase-83
38
10 87 30 62 66 2 76 97 85 20 34 12 79 75 76 98 93 59 18 12 87 54 95 36 91 51 74 20 46 56 65 54 95 75 79 74 51 63
TestCase-84
121
79 20 70 83 33 69 27 5 95 65 76 24 17 20 58 92 27 47 2 14 34 54 85 32 88 12 67 81 60 76 31 22 58 71 24 21 26 50 73 84 71 57 9 62 84 80 57 8 96 69 16 76 42 72 23 52 69 83 71 25 7 18 56 64 87 70 20 70 71 63 89 85 35 88 66 32 65 10 33 38 96 68 0 86 89 58 76 84 17 96 89 51 77 46 19 42 56 78 93 91 79 22 79 9 5 41 86 98 12 8 90 62 74 71 11 2 76 92 21 91 60
TestCase-85
65
49 27 26 63 13 10 82 25 86 74 64 27 83 39 25 66 70 93 8 54 63 10 77 69 70 64 82 90 90 10 4 60 12 20 96 88 11 55 91 58 17 42 77 2 35 7 66 92 84 60 4 43 4 49 59 45 8 86 61 76 25 90 59 52 56
TestCase-86
199
87 18 86 52 2 39 52 97 20 70 56 91 15 92 56 69 92 75 21 5 90 64 10 51 95 14 34 62 46 22 20 56 15 54 39 96 60 92 7 95 97 15 95 68 77 34 46 46 21 12 90 67 53 63 64 13 5 67 25 72 31 56 14 59 56 39 79 77 33 51 63 74 61 68 69 66 38 55 23 80 69 97 14 85 19 41 64 17 11 70 5 31 87 39 8 12 27 52 4 76 58 37 35 65 65 68 38 76 75 85 69 67 81 11 40 9 86 36 19 93 99 16 57 2 73 82 95 83 99 7 44 90 28 91 75 26 93 73 82 69 68 91 56 97 51 27 58 77 78 34 76 41 26 87 92 60 96 90 28 82 1 93 46 27 97 16 61 94 88 38 75 23 18 46 89 22 0 89 23 52 25 34 21 12 11 84 12 21 14 57 60 16 81 47 32 11 36 25 18
TestCase-87
57
5 19 92 49 6 46 24 97 17 17 85 70 77 10 42 85 95 32 89 82 57 77 50 57 7 54 34 45 19 82 66 83 41 15 91 90 73 73 32 13 81 66 42 80 76 38 84 66 24 5 96 21 56 86 79 73 80
TestCase-88
22
61 71 55 59 82 11 89 47 38 61 13 15 91 12 72 47 7 99 11 79 27 81
TestCase-89
119
92 26 76 73 46 16 88 10 21 35 25 84 15 16 57 98 82 92 2 65 16 63 86 12 17 90 73 19 12 33 26 58 13 10 64 60 36 6 45 37 85 9 56 99 52 98 23 27 33 72 93 64 21 93 26 15 58 19 45 64 18 32 26 87 26 27 6 32 25 20 68 34 48 48 9 66 30 81 70 16 45 69 75 20 77 78 39 17 83 57 97 62 39 53 2 38 42 14 34 83 0 40 17 4 54 37 23 88 35 68 42 77 14 35 20 90 25 10 24
TestCase-90
160
46 48 68 69 51 81 10 30 63 50 94 33 18 37 44 1 95 66 29 76 19 88 22 0 77 1 11 52 28 44 60 37 18 27 44 34 6 64 64 22 96 5 9 48 42 41 55 6 21 65 7 83 96 43 62 2 67 73 60 77 20 63 30 14 51 35 18 76 13 43 56 58 82 16 21 83 46 30 77 37 11 40 87 47 53 4 32 38 19 1 31 36 87 48 39 79 73 75 88 74 69 90 21 38 95 90 79 16 89 41 70 13 59 8 92 82 40 60 78 17 43 51 53 15 69 91 51 40 46 84 48 99 70 97 24 10 24 49 39 29 17 33 64 60 46 10 51 87 64 25 37 51 95 39 70 4 24 33 27 79
TestCase-91
102
25 42 56 95 94 82 6 94 68 80 17 46 54 79 47 86 56 54 20 92 21 23 38 44 36 88 74 32 49 36 7 16 0 13 63 56 29 70 18 63 7 54 60 46 88 39 66 97 8 98 6 50 74 45 34 79 90 70 64 19 43 54 18 61 76 37 70 79 31 97 44 56 31 72 25 52 50 95 94 51 31 55 90 46 69 80 22 93 3 56 34 89 11 30 18 70 87 85 62 59 10 63
TestCase-92
45
39 45 81 16 89 64 35 14 98 37 6 54 65 26 93 86 62 74 46 41 56 61 93 66 20 82 29 68 4 82 83 51 90 79 53 97 67 31 92 23 35 69 3 22 98
TestCase-93
196
46 80 59 45 82 26 86 52 62 12 53 69 73 26 38 9 18 39 26 99 81 41 26 78 13 44 10 77 56 50 26 65 2 52 25 51 61 42 11 71 53 87 63 21 62 52 84 34 53 96 32 17 96 87 9 37 94 32 12 99 17 39 19 21 34 40 31 70 9 72 87 13 63 64 91 38 80 16 83 30 72 9 20 60 10 2 86 66 78 32 7 28 74 48 69 85 97 10 96 52 87 66 88 16 83 41 55 78 14 33 6 37 46 79 1 90 6 94 73 66 25 8 61 49 98 19 36 36 32 23 7 71 46 71 23 57 28 5 56 16 53 86 99 99 26 79 58 42 24 25 23 61 79 56 82 50 38 19 60 84 32 38 22 11 99 19 24 55 86 73 70 81 11 81 94 78 17 14 53 30 31 17 83 52 37 55 15 74 18 80 10 97 19 70 21 58
TestCase-94
57
29 53 41 77 55 67 10 99 86 33 17 92 42 7 93 69 29 9 29 90 58 61 25 87 4 61 35 9 32 65 31 68 43 41 61 35 34 72 55 3 51 50 40 10 19 71 2 20 48 47 75 46 6 7 87 61 72
TestCase-95
111
3 44 34 73 90 18 93 22 3 85 53 62 39 89 88 53 5 83 54 34 4 23 96 34 25 30 55 83 69 57 96 84 20 1 55 95 18 12 98 72 20 90 2 64 45 38 49 97 26 62 97 40 17 11 15 54 52 59 30 94 51 3 34 76 55 14 49 89 70 14 48 86 71 52 35 3 40 29 87 13 29 94 38 15 40 0 95 24 52 71 48 14 1 33 30 16 99 77 28 34 28 78 16 96 25 44 24 37 6 80 36
TestCase-96
132
23 53 12 93 23 36 21 27 93 7 24 90 71 0 22 18 61 46 0 42 4 49 25 98 46 84 11 26 26 81 52 26 53 79 25 42 87 2 57 7 77 20 91 76 1 29 11 22 67 79 43 94 7 49 67 25 86 35 73 25 61 64 48 46 81 13 48 24 67 79 62 41 34 59 65 53 0 12 24 86 6 7 19 93 71 5 23 4 93 28 4 36 58 39 57 68 25 59 10 32 58 38 5 86 53 66 18 77 11 91 84 0 11 42 84 61 90 85 46 69 76 57 57 20 42 62 91 1 28 80 89 60
TestCase-97
24
30 75 81 44 91 68 44 48 75 72 26 17 22 99 59 5 72 14 15 90 94 77 49 84
TestCase-98
101
27 79 61 99 64 74 45 87 38 22 4 20 79 9 59 0 22 42 66 59 19 67 54 7 74 41 74 3 4 97 5 70 0 48 21 88 85 16 78 72 52 75 24 53 52 7 51 47 87 35 36 17 94 1 24 56 52 15 10 6 34 17 84 93 77 25 61 37 53 0 6 64 76 0 85 38 51 68 73 12 93 55 91 99 67 98 89 40 76 99 28 82 85 9 65 80 95 44 14 26 0
TestCase-99
151
18 96 84 50 83 6 54 93 32 33 35 65 37 68 24 15 92 31 61 89 45 72 5 12 57 9 78 97 75 85 70 39 49 90 36 29 89 45 33 88 22 93 1 51 6 80 69 55 87 78 28 41 13 34 12 79 84 25 22 11 62 78 32 80 34 49 97 98 61 44 35 74 76 76 12 51 96 61 54 67 62 80 77 9 24 85 5 97 83 80 26 53 19 41 83 95 53 40 36 31 79 29 64 95 58 20 4 12 20 23 18 61 78 44 13 82 83 8 99 78 64 26 34 5 22 42 92 42 48 95 8 4 10 3 70 83 52 29 32 77 29 36 61 71 62 12 75 92 37 13 95
TestCase-100
49
71 37 60 22 67 59 77 33 19 13 85 76 51 71 62 8 29 69 0 94 60 94 61 50 57 15 39 96 74 12 66 31 13 77 49 24 12 95 69 37 61 4 1 91 79 50 95 17 82
TestCase-101
5
0 0 0 0 0
TestCase-102
5
1 2 3 4 5
TestCase-103
5
5 4 3 2 1
TestCase-104
6
1 2 1 2 1 2
TestCase-105
7
2 2 3 3 2 3 2
TestCase-106
6
2 2 2 2 2 2
TestCase-107
6
3 1 3 2 3 4
TestCase-108
7
1 2 3 3 4 5 3
TestCase-109
8
7 8 9 10 11 12 13 14
