121
TestCase-1
5 2
5 4
3 2
2 0
1 0
4 0
TestCase-2
13 2
7 2
6 4
8 3
1 0
3 2
5 4
11 0
9 8
4 3
12 4
10 2
13 4
2 0
TestCase-3
3 2
3 1
2 1
1 0
TestCase-4
5 2
1 0
2 0
5 0
4 3
3 2
TestCase-5
16 2
4 2
16 0
6 4
5 4
15 5
3 0
9 4
2 1
7 3
14 11
1 0
12 1
11 7
13 6
10 0
8 0
TestCase-6
7 2
6 0
7 5
1 0
2 1
3 2
5 1
4 0
TestCase-7
2 2
2 1
1 0
TestCase-8
15 2
14 12
9 0
1 0
7 1
2 1
4 3
15 8
10 6
11 10
13 10
3 2
12 2
5 4
6 2
8 3
TestCase-9
4 2
2 1
4 3
1 0
3 0
TestCase-10
11 2
2 0
11 5
1 0
7 5
4 0
5 1
6 4
3 2
8 2
9 6
10 6
TestCase-11
16 2
4 1
10 1
6 3
3 0
9 7
2 1
11 1
13 4
8 6
1 0
12 10
5 3
14 9
16 0
7 5
15 12
TestCase-12
3 2
3 2
2 0
1 0
TestCase-13
10 2
9 5
8 5
10 1
3 2
2 1
6 0
4 3
1 0
5 3
7 6
TestCase-14
14 2
3 0
9 0
12 10
14 11
2 1
6 0
8 4
11 3
13 5
1 0
10 1
4 1
5 1
7 0
TestCase-15
19 2
13 0
4 0
6 5
5 3
15 13
10 8
8 7
14 12
17 11
2 0
12 9
7 6
1 0
11 2
16 6
18 2
19 8
3 1
9 8
TestCase-16
12 2
11 5
8 5
1 0
12 7
10 6
3 2
6 3
5 1
2 1
7 2
9 2
4 0
TestCase-17
13 2
10 1
11 5
8 1
1 0
2 1
9 0
6 0
4 3
12 3
3 0
5 1
7 6
13 9
TestCase-18
13 2
6 0
1 0
8 3
3 1
5 4
13 10
4 2
11 7
7 6
10 9
9 3
2 1
12 4
TestCase-19
4 2
3 0
2 1
4 0
1 0
TestCase-20
6 2
1 0
2 0
3 1
4 2
6 3
5 3
TestCase-21
15 2
15 9
10 2
6 1
9 8
14 13
13 11
2 1
5 4
3 1
4 3
12 8
11 9
7 3
8 5
1 0
TestCase-22
1 2
1 0
TestCase-23
9 2
4 2
9 8
5 1
1 0
3 2
6 4
8 2
7 5
2 1
TestCase-24
12 2
4 3
3 0
9 6
1 0
6 1
11 3
12 6
5 2
7 5
2 0
10 3
8 3
TestCase-25
9 2
4 1
5 2
6 1
7 3
3 0
8 0
1 0
2 0
9 7
TestCase-26
11 2
9 6
10 0
7 2
4 1
1 0
3 0
2 0
11 10
8 0
5 1
6 1
TestCase-27
5 2
3 0
5 1
4 3
2 0
1 0
TestCase-28
17 2
3 2
14 1
1 0
16 1
6 4
10 0
11 3
9 5
12 0
4 3
8 7
13 3
5 1
15 8
2 1
17 9
7 5
TestCase-29
11 2
9 5
7 3
1 0
4 1
8 1
11 7
6 4
5 4
3 1
10 1
2 0
TestCase-30
9 2
9 3
8 7
7 0
4 2
5 1
1 0
3 1
2 0
6 4
TestCase-31
17 2
13 10
5 0
7 3
17 0
15 4
11 8
6 1
1 0
16 1
3 2
2 1
14 2
9 6
10 4
4 2
8 7
12 11
TestCase-32
9 2
9 5
2 1
4 2
8 5
6 1
1 0
5 4
7 5
3 0
TestCase-33
7 2
6 3
7 0
5 2
4 1
2 1
3 0
1 0
TestCase-34
9 2
1 0
5 0
7 1
4 1
8 3
6 3
9 8
3 0
2 0
TestCase-35
1 2
1 0
TestCase-36
18 2
4 2
14 9
6 5
11 4
15 12
7 0
12 8
1 0
8 6
5 1
10 8
3 0
16 2
2 0
9 8
13 12
18 16
17 1
TestCase-37
17 2
8 3
13 6
15 10
7 1
16 8
2 0
9 8
11 3
17 2
14 0
3 0
1 0
4 1
10 0
5 0
12 9
6 3
TestCase-38
4 2
3 1
1 0
2 0
4 1
TestCase-39
17 2
14 11
6 5
1 0
2 1
10 5
17 11
12 6
16 1
9 1
13 2
11 5
4 1
7 3
3 1
8 5
5 4
15 3
TestCase-40
13 2
7 6
11 2
2 1
5 0
9 7
10 5
8 0
13 8
1 0
12 8
4 1
6 0
3 2
TestCase-41
11 2
2 1
7 4
6 3
3 1
11 4
8 2
9 5
1 0
4 0
10 5
5 4
TestCase-42
18 2
5 3
12 6
14 5
7 1
18 0
3 2
1 0
2 0
13 0
17 0
9 7
10 5
11 0
6 2
15 1
16 11
8 7
4 1
TestCase-43
6 2
5 4
2 0
3 1
6 1
1 0
4 3
TestCase-44
4 2
4 3
3 1
1 0
2 0
TestCase-45
18 2
7 1
12 11
17 0
11 1
1 0
4 1
2 1
5 1
6 5
15 1
16 1
8 1
10 1
13 11
14 4
3 1
9 2
18 13
TestCase-46
12 2
7 0
1 0
3 2
4 2
8 2
10 5
6 0
11 5
9 2
2 1
5 2
12 8
TestCase-47
17 2
6 2
7 3
12 7
1 0
2 0
14 10
3 0
11 9
4 1
5 2
10 3
16 14
17 13
9 6
8 7
13 2
15 11
TestCase-48
5 2
2 1
3 2
4 2
5 1
1 0
TestCase-49
11 2
4 3
9 1
5 1
10 0
8 6
1 0
3 2
6 1
2 0
11 4
7 2
TestCase-50
10 2
7 5
8 0
9 4
1 0
10 0
4 3
3 2
5 4
6 2
2 1
TestCase-51
3 2
3 0
2 1
1 0
TestCase-52
17 2
15 11
9 0
3 0
6 2
12 8
5 2
1 0
11 8
8 4
2 1
7 0
4 1
17 7
13 0
14 0
16 5
10 3
TestCase-53
11 2
8 5
9 1
5 2
7 0
1 0
11 6
3 1
2 0
10 2
4 0
6 3
TestCase-54
4 2
1 0
3 1
4 0
2 1
TestCase-55
17 2
15 2
3 2
10 4
4 3
12 10
17 13
9 3
13 12
5 2
7 5
8 1
14 10
1 0
6 1
16 10
11 8
2 1
TestCase-56
8 2
6 5
8 1
1 0
3 1
5 0
2 1
4 3
7 4
TestCase-57
13 2
2 1
8 7
12 2
5 1
4 2
7 0
9 7
10 8
13 11
1 0
11 10
6 1
3 2
TestCase-58
15 2
2 1
8 1
15 6
7 6
11 3
1 0
4 2
3 1
12 5
14 4
9 6
5 2
6 5
10 3
13 10
TestCase-59
5 2
3 0
1 0
2 1
4 2
5 2
TestCase-60
11 2
3 1
8 3
1 0
10 7
7 1
4 3
2 1
5 4
6 1
11 10
9 2
TestCase-61
9 2
4 2
7 5
5 4
6 1
8 7
3 1
1 0
9 4
2 0
TestCase-62
11 2
7 5
3 0
10 4
2 1
4 3
1 0
8 4
11 7
9 2
5 0
6 0
TestCase-63
1 2
1 0
TestCase-64
17 2
8 6
2 0
16 15
6 0
1 0
10 4
12 5
9 2
4 1
14 13
17 8
13 6
11 8
3 2
5 1
7 4
15 13
TestCase-65
13 2
9 0
5 0
13 9
8 5
10 1
1 0
4 0
12 7
7 1
11 8
3 2
6 2
2 0
TestCase-66
17 2
2 1
12 1
8 4
11 2
16 7
5 0
4 1
15 4
13 11
17 10
6 2
14 1
1 0
7 5
3 0
9 8
10 8
TestCase-67
18 2
4 3
11 4
1 0
8 6
7 0
17 14
5 1
15 4
3 0
10 0
16 2
13 4
18 5
2 0
6 3
12 0
14 10
9 2
TestCase-68
7 2
7 3
6 0
5 4
3 0
2 0
1 0
4 1
TestCase-69
19 2
12 6
13 2
6 5
5 2
4 0
14 11
9 2
18 11
19 1
7 1
3 2
2 1
15 2
17 11
11 0
10 0
1 0
16 9
8 3
TestCase-70
5 2
2 0
4 2
3 0
5 0
1 0
TestCase-71
3 2
1 0
3 0
2 1
TestCase-72
10 2
9 7
6 5
3 1
5 1
4 3
10 9
1 0
7 3
2 1
8 5
TestCase-73
13 2
5 2
4 3
13 9
3 2
1 0
11 10
7 6
2 1
6 4
9 7
8 7
10 5
12 0
TestCase-74
5 2
3 1
2 1
1 0
4 0
5 2
TestCase-75
9 2
4 0
3 2
1 0
6 4
2 1
9 0
5 3
7 4
8 7
TestCase-76
3 2
2 1
3 0
1 0
TestCase-77
11 2
9 1
1 0
5 4
2 0
8 5
6 4
7 0
11 5
3 0
10 6
4 3
TestCase-78
15 2
10 1
11 3
14 12
3 1
2 0
12 10
15 4
4 3
5 3
13 12
8 4
1 0
6 1
9 7
7 3
TestCase-79
1 2
1 0
TestCase-80
5 2
1 0
2 0
4 2
3 2
5 4
TestCase-81
16 2
4 1
8 4
15 14
9 4
7 2
6 2
3 1
12 5
5 0
13 9
11 0
10 7
14 10
1 0
2 0
16 6
TestCase-82
17 2
3 2
15 10
4 0
5 2
8 4
13 4
11 8
9 2
7 3
6 1
10 5
16 10
2 1
12 1
14 6
17 13
1 0
TestCase-83
5 2
5 0
2 0
1 0
3 1
4 0
TestCase-84
15 2
10 0
5 2
7 0
15 12
1 0
14 12
13 8
9 0
6 0
3 1
4 1
8 1
2 0
11 10
12 9
TestCase-85
3 2
3 0
1 0
2 0
TestCase-86
3 2
3 1
2 0
1 0
TestCase-87
4 2
4 1
2 0
3 0
1 0
TestCase-88
18 2
6 1
3 2
18 6
12 5
15 9
5 3
16 13
11 10
1 0
7 4
13 12
9 2
8 6
2 0
14 2
10 1
17 8
4 2
TestCase-89
4 2
3 0
1 0
2 0
4 1
TestCase-90
6 2
3 0
4 2
2 1
6 1
1 0
5 3
TestCase-91
5 2
4 2
3 2
1 0
2 0
5 0
TestCase-92
12 2
5 3
3 0
10 1
9 1
1 0
11 9
12 5
7 3
2 0
8 6
6 3
4 0
TestCase-93
15 2
9 3
15 3
12 6
7 0
1 0
3 2
13 1
11 1
5 0
14 2
4 2
6 3
8 0
10 8
2 1
TestCase-94
11 2
4 2
11 5
9 0
8 2
6 4
2 0
7 3
1 0
10 0
3 1
5 0
TestCase-95
18 2
18 2
14 5
3 2
8 0
5 3
11 7
7 4
12 9
15 12
6 0
1 0
16 10
10 9
17 5
9 3
13 11
2 0
4 3
TestCase-96
7 2
5 0
6 1
2 0
1 0
7 5
3 2
4 3
TestCase-97
10 2
3 0
1 0
6 3
9 2
2 0
7 0
4 1
10 1
8 6
5 1
TestCase-98
1 2
1 0
TestCase-99
4 2
2 1
4 1
1 0
3 0
TestCase-100
10 2
10 4
2 0
6 4
3 2
7 4
5 0
9 0
4 2
1 0
8 6
TestCase-101
9 2
1 0
2 1
3 2
4 3
5 4
6 5
7 6
8 7
9 8
TestCase-102
9 2
1 0
2 0
3 0
4 0
5 0
6 0
7 0
8 0
9 0
TestCase-103
9 2
1 0
2 0
3 1
4 1
5 2
6 2
7 3
8 3
9 4
TestCase-104
19 2
1 0
2 1
3 2
4 3
5 4
6 5
7 6
8 7
9 8
10 9
11 10
12 11
13 12
14 13
15 14
16 15
17 16
18 17
19 18
TestCase-105
19 2
1 0
2 0
3 0
4 0
5 0
6 0
7 0
8 0
9 0
10 0
11 0
12 0
13 0
14 0
15 0
16 0
17 0
18 0
19 0
TestCase-106
19 2
1 0
2 0
3 1
4 1
5 2
6 2
7 3
8 3
9 4
10 4
11 5
12 5
13 6
14 6
15 7
16 7
17 8
18 8
19 9
TestCase-107
29 2
1 0
2 1
3 2
4 3
5 4
6 5
7 6
8 7
9 8
10 9
11 10
12 11
13 12
14 13
15 14
16 15
17 16
18 17
19 18
20 19
21 20
22 21
23 22
24 23
25 24
26 25
27 26
28 27
29 28
TestCase-108
29 2
1 0
2 0
3 0
4 0
5 0
6 0
7 0
8 0
9 0
10 0
11 0
12 0
13 0
14 0
15 0
16 0
17 0
18 0
19 0
20 0
21 0
22 0
23 0
24 0
25 0
26 0
27 0
28 0
29 0
TestCase-109
29 2
1 0
2 0
3 1
4 1
5 2
6 2
7 3
8 3
9 4
10 4
11 5
12 5
13 6
14 6
15 7
16 7
17 8
18 8
19 9
20 9
21 10
22 10
23 11
24 11
25 12
26 12
27 13
28 13
29 14
TestCase-110
39 2
1 0
2 1
3 2
4 3
5 4
6 5
7 6
8 7
9 8
10 9
11 10
12 11
13 12
14 13
15 14
16 15
17 16
18 17
19 18
20 19
21 20
22 21
23 22
24 23
25 24
26 25
27 26
28 27
29 28
30 29
31 30
32 31
33 32
34 33
35 34
36 35
37 36
38 37
39 38
TestCase-111
39 2
1 0
2 0
3 0
4 0
5 0
6 0
7 0
8 0
9 0
10 0
11 0
12 0
13 0
14 0
15 0
16 0
17 0
18 0
19 0
20 0
21 0
22 0
23 0
24 0
25 0
26 0
27 0
28 0
29 0
30 0
31 0
32 0
33 0
34 0
35 0
36 0
37 0
38 0
39 0
TestCase-112
39 2
1 0
2 0
3 1
4 1
5 2
6 2
7 3
8 3
9 4
10 4
11 5
12 5
13 6
14 6
15 7
16 7
17 8
18 8
19 9
20 9
21 10
22 10
23 11
24 11
25 12
26 12
27 13
28 13
29 14
30 14
31 15
32 15
33 16
34 16
35 17
36 17
37 18
38 18
39 19
TestCase-113
49 2
1 0
2 1
3 2
4 3
5 4
6 5
7 6
8 7
9 8
10 9
11 10
12 11
13 12
14 13
15 14
16 15
17 16
18 17
19 18
20 19
21 20
22 21
23 22
24 23
25 24
26 25
27 26
28 27
29 28
30 29
31 30
32 31
33 32
34 33
35 34
36 35
37 36
38 37
39 38
40 39
41 40
42 41
43 42
44 43
45 44
46 45
47 46
48 47
49 48
TestCase-114
49 2
1 0
2 0
3 0
4 0
5 0
6 0
7 0
8 0
9 0
10 0
11 0
12 0
13 0
14 0
15 0
16 0
17 0
18 0
19 0
20 0
21 0
22 0
23 0
24 0
25 0
26 0
27 0
28 0
29 0
30 0
31 0
32 0
33 0
34 0
35 0
36 0
37 0
38 0
39 0
40 0
41 0
42 0
43 0
44 0
45 0
46 0
47 0
48 0
49 0
TestCase-115
49 2
1 0
2 0
3 1
4 1
5 2
6 2
7 3
8 3
9 4
10 4
11 5
12 5
13 6
14 6
15 7
16 7
17 8
18 8
19 9
20 9
21 10
22 10
23 11
24 11
25 12
26 12
27 13
28 13
29 14
30 14
31 15
32 15
33 16
34 16
35 17
36 17
37 18
38 18
39 19
40 19
41 20
42 20
43 21
44 21
45 22
46 22
47 23
48 23
49 24
TestCase-116
1 2
1 0
TestCase-117
49 2
17 15
1 0
9 3
36 30
7 6
10 3
28 19
5 0
26 12
4 3
35 3
22 21
27 14
14 12
41 32
12 5
24 23
18 0
37 13
49 28
20 7
16 11
15 9
46 24
40 11
23 20
31 19
3 1
33 5
38 11
11 5
45 40
6 1
47 8
42 38
44 33
29 27
39 8
8 4
32 25
13 1
34 29
25 19
48 31
19 11
30 1
21 4
43 13
2 1
TestCase-118
1 2
1 0
TestCase-119
3 2
1 0
2 1
3 2
TestCase-120
4 2
1 0
2 0
3 2
4 2
TestCase-121
5 2
1 0
2 0
3 1
4 1
5 2