114
TestCase-1
99
777 912 431 42 266 989 524 498 415 941 803 850 311 992 489 367 598 914 930 224 517 143 289 144 774 98 634 819 257 932 546 723 830 617 924 151 318 102 748 76 921 871 701 339 484 574 104 363 445 324 626 656 935 210 990 566 489 454 887 534 267 64 825 941 562 938 15 96 737 861 409 728 845 804 685 641 2 627 506 848 889 342 250 748 334 721 892 65 196 940 582 228 245 823 991 146 823 557 459
TestCase-2
24
83 328 897 521 956 502 112 309 565 299 724 128 561 341 835 945 554 209 987 819 618 561 602 295
TestCase-3
114
94 611 818 395 325 590 248 298 189 194 842 192 34 628 673 267 488 71 92 696 776 134 898 154 946 40 863 83 920 717 946 850 554 700 401 858 723 538 283 535 832 242 870 221 917 696 604 846 973 430 594 282 462 505 677 657 718 939 813 366 85 333 628 119 499 602 646 344 866 195 249 17 750 278 120 723 226 381 814 175 341 437 836 64 104 802 150 876 715 225 47 837 588 650 932 959 548 617 697 76 28 128 651 194 621 851 590 123 401 94 380 854 119 38
TestCase-4
156
23 200 985 994 190 736 127 491 216 745 820 63 960 696 24 558 436 636 104 856 267 72 227 74 663 309 359 447 185 63 516 479 41 611 104 717 401 205 267 368 927 750 482 859 924 941 584 174 715 689 209 990 786 60 808 693 163 866 166 351 543 257 121 612 944 453 682 180 14 483 698 420 922 583 896 521 940 319 665 366 398 858 674 257 158 575 708 13 469 760 81 344 757 47 558 288 139 246 781 977 494 361 625 295 690 368 605 970 914 649 875 636 136 733 318 398 767 425 849 667 83 2 609 197 716 343 164 246 229 653 459 388 728 897 690 582 896 425 33 412 893 719 582 429 791 679 727 48 170 457 66 266 719 162 458 541
TestCase-5
125
930 575 619 774 1 906 40 507 334 320 858 479 52 829 843 897 998 832 426 193 562 987 649 86 858 743 134 16 412 973 695 428 324 4 219 15 735 773 3 843 692 542 627 101 196 122 623 665 204 895 310 287 706 187 103 488 875 945 407 643 84 23 282 936 464 820 812 119 883 263 137 670 534 837 667 661 356 118 893 159 286 872 20 44 42 211 698 266 572 323 970 376 961 582 932 870 44 867 768 985 719 623 672 507 730 660 925 470 656 446 382 893 551 183 213 385 602 299 10 142 155 278 342 346 809
TestCase-6
95
736 96 347 799 636 37 43 277 168 154 598 297 370 405 562 133 301 118 490 749 246 957 50 316 184 878 536 747 73 310 413 856 337 307 425 112 102 575 931 493 486 346 862 818 1000 832 352 128 491 119 717 510 437 39 310 344 753 704 916 160 942 171 642 579 385 826 998 655 90 68 828 87 203 768 227 63 395 9 101 404 570 532 297 460 943 501 808 599 732 696 223 434 86 378 226
TestCase-7
67
600 796 171 442 197 368 118 66 842 885 874 719 29 925 539 463 771 694 207 122 510 408 263 213 657 44 971 817 222 639 150 108 203 470 388 371 560 847 155 108 611 500 152 578 416 654 697 434 899 534 508 696 940 910 331 854 511 511 651 687 896 207 556 625 954 225 10
TestCase-8
88
723 986 765 921 326 838 330 37 538 152 896 264 618 803 160 863 389 597 302 736 724 827 482 68 820 87 529 890 938 41 68 231 134 42 308 16 778 865 460 339 883 165 820 153 890 672 472 992 381 518 392 923 543 515 35 588 93 695 814 825 531 777 615 79 765 437 928 773 212 297 549 923 613 428 846 996 494 866 811 996 398 623 601 240 872 886 818 21
TestCase-9
169
907 1 759 187 310 520 584 261 341 68 506 881 269 966 845 311 792 418 394 830 393 64 168 657 958 131 245 294 747 850 343 57 965 37 493 428 145 504 912 885 617 735 84 690 716 156 830 362 422 37 627 478 396 470 49 104 483 797 156 21 34 613 633 136 646 332 108 717 563 665 355 200 393 803 796 797 503 114 903 62 625 718 479 630 648 957 346 667 128 993 699 731 637 304 808 870 131 982 934 397 819 301 939 764 894 981 698 830 125 532 882 805 194 40 801 402 456 381 775 196 467 366 809 648 78 980 46 924 957 41 498 262 923 28 968 533 683 583 586 897 222 236 96 795 840 906 911 643 799 515 716 537 431 520 313 969 117 150 437 914 580 433 946 87 959 108 426 65 102
TestCase-10
107
793 160 752 978 32 811 458 442 703 428 31 509 942 885 986 333 740 259 81 361 73 125 368 709 31 354 357 183 11 851 998 237 839 375 73 611 915 147 213 4 210 675 690 750 961 923 127 766 8 301 378 707 26 956 620 239 880 146 192 465 116 489 353 725 983 265 134 29 990 214 371 344 485 984 300 304 960 900 982 567 652 335 189 608 83 106 547 595 316 161 386 920 151 969 129 824 229 324 521 249 243 773 189 299 382 430 680
TestCase-11
12
882 136 616 22 404 80 720 75 136 431 307 564
TestCase-12
107
759 949 146 606 433 306 653 364 87 255 456 648 379 653 972 542 60 386 419 9 428 986 746 923 329 452 209 381 301 976 483 94 974 190 816 112 284 115 572 621 705 158 815 720 457 951 409 190 787 432 443 179 254 983 465 349 960 536 146 364 474 647 653 89 495 774 209 302 2 851 716 460 634 474 8 224 306 118 788 645 309 559 624 160 435 724 770 483 95 695 510 779 984 238 557 781 416 287 648 23 124 277 905 685 42 1 263
TestCase-13
102
539 912 596 728 406 456 105 765 259 363 291 893 774 689 931 201 610 88 37 73 812 269 313 547 349 122 543 881 256 913 943 781 168 70 425 882 297 290 533 138 588 536 643 216 545 108 421 979 650 557 414 760 798 926 808 286 300 453 381 582 644 142 161 127 714 124 391 411 606 480 143 574 685 307 363 648 485 761 426 224 489 501 712 514 326 505 668 982 62 455 308 147 764 508 54 909 637 221 27 364 483 401
TestCase-14
3
867 540 69
TestCase-15
176
888 84 703 973 760 947 686 405 7 370 43 119 636 4 277 895 656 717 300 745 923 233 145 770 587 295 196 108 445 472 734 339 394 173 339 432 664 919 704 446 152 459 956 726 152 537 324 133 214 933 192 455 358 809 399 438 827 504 399 748 226 815 201 450 963 210 601 728 51 928 398 35 240 649 87 892 192 373 59 761 654 694 178 239 626 305 628 89 722 890 525 770 292 790 899 905 362 422 470 56 648 714 529 682 980 665 978 561 953 753 957 441 595 466 502 261 722 488 221 346 273 44 45 54 167 359 4 297 671 8 144 66 806 439 697 228 994 624 407 572 944 227 465 198 348 623 105 621 905 88 814 327 331 549 467 915 333 262 30 535 46 195 378 83 215 891 538 355 193 858 207 258 689 747 754 309
TestCase-16
80
530 881 394 261 494 353 893 730 246 46 314 957 566 75 10 472 508 742 449 49 940 829 423 506 472 451 121 88 84 247 102 847 784 158 424 906 942 219 452 628 79 838 438 573 773 908 850 404 41 982 185 256 502 226 132 861 892 286 957 361 328 446 110 571 922 293 625 555 808 207 729 304 797 453 527 620 474 550 650 268
TestCase-17
70
238 17 122 630 803 729 102 177 751 425 255 224 292 901 754 676 7 760 549 528 439 880 51 125 394 661 280 122 995 755 579 368 236 692 734 721 560 677 289 227 758 852 924 246 67 531 315 691 336 240 383 644 492 294 597 176 141 830 16 567 517 336 376 600 651 26 832 133 898 406
TestCase-18
40
1000 182 523 79 139 784 212 801 938 794 509 584 786 713 993 219 241 751 136 836 240 779 394 362 624 606 136 645 511 923 940 111 631 854 27 540 611 368 501 467
TestCase-19
80
13 982 226 569 669 167 677 901 507 829 977 756 493 560 322 722 869 81 266 141 619 412 721 196 842 325 805 299 394 967 61 214 40 323 744 766 985 256 352 884 452 685 744 676 674 232 267 353 688 167 313 18 365 588 553 60 750 646 155 362 23 503 643 63 26 248 47 13 232 969 670 335 69 841 64 354 996 680 433 140
TestCase-20
56
460 446 146 367 320 182 665 337 746 805 766 419 392 10 420 913 271 547 545 824 754 704 722 474 778 43 579 944 126 419 977 400 176 4 513 142 637 890 678 527 861 751 717 152 82 338 244 861 849 841 181 253 969 23 980 826
TestCase-21
44
761 807 859 701 575 173 736 81 438 950 886 613 107 636 644 469 728 154 630 617 42 259 349 826 756 751 386 28 641 955 911 38 509 92 367 300 688 155 470 242 520 365 167 754
TestCase-22
193
415 346 277 823 505 968 403 16 319 544 923 296 564 481 36 792 545 585 566 269 957 704 40 467 405 739 123 414 355 508 53 22 280 758 36 261 698 697 596 720 795 952 297 703 781 213 781 542 529 349 396 855 996 257 214 119 580 338 825 992 966 947 249 601 691 738 546 698 897 362 167 939 889 922 157 339 867 766 840 10 599 836 53 579 160 976 353 372 299 641 301 331 507 802 414 616 442 175 2 808 145 583 45 453 129 350 952 10 972 739 492 932 970 681 839 679 798 264 766 627 193 72 563 959 435 286 973 851 179 543 174 65 675 655 162 594 113 965 517 648 816 557 620 394 773 446 273 319 292 14 439 798 840 736 288 969 265 551 540 568 326 351 195 723 802 443 811 146 866 7 769 524 160 804 677 719 946 801 577 394 370 476 973 38 576 935 422 652 629 818 824 779 234
TestCase-23
5
371 542 964 163 697
TestCase-24
50
647 363 643 717 509 20 749 753 256 586 914 248 282 190 968 777 949 431 80 587 459 243 762 731 461 885 522 917 827 830 722 103 981 193 169 452 946 67 951 437 650 405 963 279 259 448 903 776 793 365
TestCase-25
157
336 93 315 31 505 12 781 257 208 781 408 396 447 795 651 641 690 399 714 902 843 40 597 477 364 850 583 130 578 728 286 336 842 25 408 486 944 535 139 43 84 580 886 356 370 5 72 196 735 114 688 554 483 45 323 951 862 866 978 968 26 323 403 927 129 784 651 282 417 687 146 610 152 414 888 314 524 62 167 129 915 138 933 493 723 658 734 783 741 48 748 844 533 45 844 569 708 763 715 647 397 973 185 353 820 600 833 85 83 574 179 833 272 207 820 268 336 718 726 260 802 266 530 958 468 932 159 775 922 460 566 157 40 648 600 182 657 525 35 918 776 324 838 970 74 198 664 811 468 626 245 832 470 535 164 727 342
TestCase-26
168
139 488 791 570 59 557 85 841 531 352 3 833 794 82 107 438 623 361 584 463 344 854 388 525 371 862 883 652 122 140 325 948 24 187 752 129 20 346 908 623 198 46 424 661 64 716 319 816 399 934 54 615 786 814 729 173 367 941 856 950 80 419 56 452 364 619 924 636 775 262 689 318 577 870 824 465 423 186 32 465 822 271 196 973 397 66 367 99 127 27 360 22 182 414 631 708 670 919 14 331 468 810 568 764 893 712 508 488 83 879 53 549 883 412 810 803 880 948 269 29 664 529 99 857 847 83 342 368 979 101 483 992 34 158 931 529 641 825 294 983 38 1 386 346 161 968 562 713 151 165 179 799 943 163 656 697 249 966 900 957 640 337 969 25 495 982 910 641
TestCase-27
174
408 46 232 247 651 289 337 175 990 244 361 232 168 900 431 475 373 898 579 142 396 579 790 14 167 953 598 6 704 400 736 821 177 153 20 26 844 332 523 4 40 49 796 948 115 587 627 152 798 157 690 806 389 807 28 429 447 582 936 703 341 729 254 945 142 373 523 222 547 410 75 133 418 580 675 360 990 99 442 918 447 252 483 391 231 939 405 246 661 493 407 943 596 71 856 259 283 907 540 381 556 23 619 627 799 486 898 243 283 42 626 330 889 818 401 988 642 110 548 899 874 50 148 731 402 28 787 432 749 892 1000 403 444 947 108 731 472 619 474 166 174 349 486 421 163 605 941 886 291 781 516 116 956 378 354 147 644 367 785 485 646 532 772 56 201 899 981 264 182 741 598 333 304 390
TestCase-28
163
43 299 565 442 36 699 421 276 385 746 214 356 138 136 113 628 366 170 32 441 591 408 475 78 658 728 725 698 80 797 436 558 744 568 142 174 157 213 169 234 31 538 139 839 505 366 922 904 639 754 295 734 813 344 701 122 822 986 937 876 859 419 792 884 269 921 163 351 644 514 992 340 546 712 149 935 386 758 762 569 313 241 902 937 388 355 400 972 483 524 314 988 420 417 833 101 700 997 158 152 6 598 610 650 722 958 903 530 110 714 798 663 715 210 611 660 618 526 114 274 706 750 630 173 385 88 813 37 11 119 914 371 837 740 493 326 111 693 464 378 599 714 260 683 499 832 795 235 945 163 576 565 848 917 80 800 877 521 943 908 173 27 848
TestCase-29
165
870 171 900 530 419 623 677 214 449 726 701 415 271 22 602 138 942 398 176 907 452 579 55 939 385 952 822 89 660 603 415 343 239 519 895 467 41 492 635 105 276 854 520 503 565 661 404 485 272 186 236 554 374 164 310 873 624 852 939 148 468 71 986 71 490 403 580 976 420 570 95 272 494 236 835 114 304 145 369 832 97 142 675 885 59 843 682 141 601 573 204 8 34 883 415 572 717 774 617 503 732 707 110 954 485 573 356 896 799 352 894 100 703 6 248 233 510 859 319 282 231 10 508 364 970 978 522 949 350 94 80 313 588 433 232 757 377 987 391 882 777 149 238 295 959 205 761 795 493 676 902 801 368 290 394 628 133 852 798 123 411 364 513 890 483
TestCase-30
59
672 727 383 648 938 368 443 285 368 997 411 786 785 732 290 888 108 492 926 299 124 457 158 353 956 250 762 192 952 979 347 512 235 113 698 394 999 399 476 526 473 959 580 849 633 226 692 409 515 319 499 239 323 531 701 2 95 484 325
TestCase-31
101
913 973 233 841 991 442 50 590 790 42 417 96 270 206 743 335 183 116 186 817 716 373 29 240 976 45 9 392 548 5 133 120 842 620 621 958 935 205 84 759 478 203 869 2 533 919 637 867 426 69 550 182 949 240 233 951 426 392 487 827 1 447 216 391 1000 784 43 631 978 276 30 597 356 721 377 847 346 694 465 657 138 611 530 95 258 968 106 732 106 280 25 709 146 636 791 675 140 389 213 587 1000
TestCase-32
169
328 207 432 521 513 124 574 109 710 933 487 128 522 915 459 482 183 466 561 348 132 427 261 387 81 579 518 344 840 842 884 240 465 255 360 493 794 958 421 25 458 741 910 7 566 415 982 783 794 457 230 440 247 260 489 487 145 234 452 291 369 669 498 614 955 952 153 993 852 535 701 90 193 308 956 531 647 690 126 969 61 159 352 38 343 891 637 825 165 785 922 480 400 695 193 422 509 197 172 401 49 806 971 822 791 985 348 909 779 699 850 534 193 742 336 188 532 946 556 730 872 609 597 445 156 649 706 633 506 921 680 585 952 219 613 452 34 249 500 927 619 864 326 570 749 202 1 45 64 138 249 454 896 691 625 230 677 701 112 883 989 776 529 436 947 662 650 294 907
TestCase-33
175
347 506 702 197 168 382 571 864 366 735 449 401 450 680 326 867 480 69 151 226 773 117 770 160 977 959 404 974 476 725 554 216 914 377 722 48 22 416 213 90 875 423 600 584 895 810 422 554 216 649 5 984 685 140 544 659 929 502 317 390 557 551 68 81 620 994 749 505 771 16 209 430 632 776 369 320 86 763 24 786 828 245 629 992 887 29 603 885 982 525 377 158 477 265 113 608 458 286 900 859 225 392 394 764 519 950 348 234 844 605 271 959 92 46 159 324 642 599 578 497 65 979 540 491 446 328 395 747 894 25 120 445 622 681 959 986 137 780 146 907 32 122 723 441 254 33 645 279 271 394 119 353 299 383 631 823 653 195 763 845 555 555 62 347 528 566 15 166 930 508 840 23 653 884 265
TestCase-34
85
141 353 102 629 575 428 979 810 777 70 258 585 107 534 77 882 601 132 497 36 533 861 801 229 356 100 572 857 725 223 182 711 680 985 236 409 207 624 716 764 450 357 162 276 739 997 917 357 998 561 873 206 222 477 849 322 132 284 575 681 795 789 1 86 677 839 336 316 894 724 801 973 332 36 87 627 15 300 823 118 171 729 282 207 526
TestCase-35
142
355 886 460 92 425 515 545 852 419 126 83 608 475 332 179 304 247 644 448 690 716 294 33 24 856 9 654 866 276 79 892 1000 678 321 325 561 670 295 50 803 726 255 870 910 709 530 144 266 612 58 805 398 429 288 597 231 260 974 321 933 828 546 502 911 460 726 126 434 384 174 534 53 237 724 828 489 393 32 245 84 316 101 845 188 926 132 984 449 16 915 772 371 539 424 128 540 253 512 289 275 414 442 483 715 960 950 60 169 727 909 875 537 366 208 256 155 227 819 309 808 149 191 565 257 558 28 186 239 885 841 740 428 948 905 723 967 161 250 777 574 132 903
TestCase-36
149
698 173 763 254 537 793 307 818 889 877 815 726 760 22 740 472 809 927 868 205 64 422 172 391 518 398 218 395 547 539 506 106 130 877 89 546 12 921 845 916 84 11 985 765 249 764 406 462 691 283 423 997 354 678 406 265 744 79 914 781 162 601 249 759 215 879 47 780 875 55 524 829 69 710 457 255 462 728 797 919 780 678 138 615 642 902 522 297 14 613 152 360 683 367 376 850 987 305 514 658 705 260 137 24 491 827 752 958 854 876 205 624 407 348 485 309 451 143 487 839 304 961 829 718 935 340 358 874 654 618 390 406 593 411 713 917 514 306 691 835 776 579 864 241 194 442 222 272 527
TestCase-37
43
522 144 828 612 530 775 922 545 797 934 519 857 847 664 488 940 350 266 444 309 468 929 667 540 54 809 748 199 992 264 470 708 71 19 207 612 106 877 263 813 966 2 846
TestCase-38
56
963 918 190 633 178 929 989 678 370 625 832 275 10 691 673 17 22 623 939 951 172 852 892 318 986 842 242 403 843 512 757 372 879 364 90 597 443 801 119 717 26 787 177 15 609 545 280 362 757 214 892 943 394 202 327 189
TestCase-39
46
509 674 155 627 606 518 418 601 643 964 933 882 233 928 3 56 447 919 619 33 662 664 664 954 139 515 88 430 318 340 649 939 642 949 847 634 194 732 63 348 995 142 324 673 765 281
TestCase-40
125
493 624 935 339 277 918 662 80 470 824 773 164 920 111 525 266 573 732 415 623 459 432 688 163 623 946 430 785 130 703 673 833 961 793 807 116 599 792 115 859 191 765 987 494 302 703 747 103 702 783 436 269 283 804 114 651 365 522 846 549 822 77 9 42 623 16 998 795 977 142 910 126 418 395 803 493 908 28 321 648 840 144 88 720 402 660 594 768 231 50 215 423 937 942 925 29 49 614 801 409 136 574 749 721 305 417 415 914 979 854 560 57 761 857 457 900 556 149 575 965 924 131 660 213 603
TestCase-41
44
851 92 591 481 295 275 259 217 413 702 10 886 652 883 53 537 793 797 72 898 11 655 292 159 792 145 853 780 520 138 961 118 977 341 7 759 841 332 858 149 339 593 770 65
TestCase-42
23
382 213 260 462 340 699 497 482 549 540 87 83 324 450 393 796 413 556 492 565 437 532 76
TestCase-43
57
148 660 410 849 896 524 321 152 901 73 147 160 36 394 661 579 119 681 70 537 275 579 310 361 961 682 891 745 489 412 606 835 327 762 686 927 638 478 525 354 238 796 515 39 743 394 801 375 351 812 525 8 256 589 79 487 114
TestCase-44
95
446 785 634 250 559 25 532 520 115 998 42 584 368 41 966 375 185 350 276 498 495 775 937 904 970 430 2 831 664 789 242 671 671 489 761 743 909 353 700 823 868 846 804 744 165 945 45 780 757 492 539 675 951 169 854 395 713 295 702 900 595 496 219 936 28 725 466 639 615 846 1000 687 178 627 453 323 593 336 441 582 788 887 886 644 148 525 440 401 243 378 391 303 247 217 262
TestCase-45
62
550 602 887 951 907 381 965 467 244 614 346 639 649 150 330 250 148 865 779 263 564 178 550 722 728 611 118 916 945 458 492 210 709 186 615 367 620 256 727 822 91 554 509 927 216 301 400 280 525 207 363 865 417 323 749 22 45 197 980 202 619 852
TestCase-46
42
868 571 470 83 257 514 295 706 499 430 834 322 869 690 761 958 717 895 714 395 56 885 937 118 914 61 343 164 782 273 630 738 573 449 317 562 921 425 874 939 494 384
TestCase-47
57
969 693 92 744 83 998 810 644 94 519 18 876 676 597 526 339 979 751 837 611 99 923 578 241 21 43 808 98 844 956 748 320 94 836 603 892 401 727 132 791 914 590 965 950 945 626 544 982 886 903 203 285 303 163 931 189 605
TestCase-48
58
141 134 897 234 265 508 808 311 149 753 631 278 210 81 140 920 864 680 417 998 976 187 204 892 603 18 360 551 675 492 695 130 774 835 760 278 84 920 738 717 633 873 708 888 286 811 614 755 226 5 916 147 844 213 759 592 692 4
TestCase-49
108
131 149 497 552 43 516 327 973 226 686 179 468 325 681 903 454 237 964 665 653 752 282 692 725 194 103 359 502 279 362 552 603 993 290 224 293 566 402 68 180 385 117 978 605 931 668 98 530 873 142 733 892 940 938 472 148 433 268 918 752 550 200 780 811 182 757 71 272 452 998 335 386 525 53 353 854 884 400 754 740 394 563 129 791 727 730 555 583 156 672 36 313 632 455 529 780 590 426 216 480 209 401 90 100 549 412 125 519
TestCase-50
173
478 768 670 172 34 207 239 247 98 613 388 417 72 909 849 562 218 539 204 224 504 94 197 947 880 103 526 134 619 200 564 591 533 655 636 442 616 405 886 657 935 269 689 820 483 656 646 618 808 30 360 354 788 808 211 719 660 36 999 203 452 221 531 699 218 846 8 147 243 465 484 94 619 283 856 665 297 402 337 756 738 960 681 919 732 305 899 687 91 630 128 847 509 380 628 637 670 91 236 882 140 420 944 901 246 878 19 497 290 148 530 865 649 380 757 694 150 119 521 330 328 700 743 78 369 926 831 862 197 206 303 534 715 435 667 744 756 388 405 37 147 452 79 295 645 678 159 540 193 851 617 502 359 160 600 153 898 587 440 272 759 217 120 965 162 143 453 939 870 550 434 960 184
TestCase-51
10
307 769 482 587 88 699 376 663 949 101
TestCase-52
26
507 252 533 44 31 882 728 700 824 604 89 477 842 267 755 600 264 720 576 813 386 167 244 641 125 696
TestCase-53
149
971 746 799 531 164 978 509 666 956 644 250 14 232 147 724 616 692 786 893 148 885 653 995 159 869 782 831 841 607 636 182 70 109 287 98 277 638 480 592 799 265 593 430 43 726 77 145 848 463 61 356 341 261 653 418 400 928 23 304 669 248 218 795 92 607 739 148 254 894 536 219 464 328 998 896 11 784 257 431 593 532 561 133 728 340 733 584 672 547 398 947 206 306 98 456 665 651 277 243 821 663 269 925 794 314 87 377 149 461 27 396 990 659 459 54 647 796 790 293 523 637 791 435 480 626 864 583 762 530 200 165 858 8 274 110 860 395 725 264 203 497 902 483 272 528 414 136 624 510
TestCase-54
69
974 895 177 711 16 213 348 268 726 724 882 834 112 674 32 447 318 331 637 738 943 198 339 421 799 954 131 986 657 127 256 367 780 739 935 484 453 178 704 858 363 438 870 447 420 374 599 109 90 572 821 464 135 99 16 973 823 538 880 718 396 671 492 244 403 653 739 99 432
TestCase-55
15
692 862 304 616 175 309 286 540 128 572 685 695 346 1 993
TestCase-56
37
2 96 348 772 346 464 868 204 249 384 903 686 586 473 268 559 176 961 461 410 16 106 5 110 338 743 213 320 558 118 514 797 309 911 95 105 558
TestCase-57
158
296 759 63 252 944 857 114 701 169 456 170 170 477 265 926 850 711 172 451 722 852 585 28 575 388 17 984 126 103 318 85 646 787 391 214 263 741 394 236 475 661 609 517 574 858 377 192 436 656 826 9 604 432 994 970 617 240 291 356 526 322 485 644 874 782 756 479 902 763 736 926 260 353 280 795 168 191 901 228 922 474 332 659 24 382 486 637 808 965 720 294 692 254 22 105 471 747 530 839 923 187 203 836 399 975 717 617 340 565 137 34 504 424 914 479 812 977 899 452 377 13 203 581 209 70 503 135 676 90 737 532 711 688 964 568 415 629 286 213 81 439 24 558 489 735 762 351 757 937 3 203 632 303 852 783 888 909 789
TestCase-58
108
460 721 527 719 291 66 40 89 355 389 659 423 391 801 661 713 780 656 790 238 290 497 996 411 568 1 643 446 651 296 690 497 158 409 691 845 442 940 992 405 732 942 998 916 786 855 994 601 740 616 310 481 561 379 312 429 838 936 600 662 791 175 355 39 435 450 982 452 318 68 699 233 340 237 386 25 640 347 160 188 842 913 510 899 71 795 102 182 966 619 33 235 665 184 11 670 533 934 941 696 448 692 442 184 297 407 451 319
TestCase-59
137
39 164 491 162 918 918 110 677 120 485 835 751 290 752 818 313 310 401 34 601 840 274 340 779 473 70 62 784 667 729 849 301 226 953 956 466 649 317 562 950 211 387 898 70 435 42 44 814 948 94 378 8 302 317 60 2 34 640 45 160 896 609 889 174 482 665 84 600 143 21 971 761 575 139 815 105 79 727 67 623 796 677 119 207 841 103 957 499 444 83 118 485 735 881 457 514 745 910 173 553 105 142 876 382 748 871 433 524 134 83 642 519 982 36 748 901 567 255 97 747 811 388 918 381 542 937 332 576 716 586 560 402 931 315 248 580 711
TestCase-60
24
157 620 415 871 797 990 374 753 291 965 362 518 383 22 9 2 147 264 759 698 710 215 669 925
TestCase-61
36
191 119 849 502 753 496 683 129 283 990 268 837 143 894 42 177 940 673 360 833 765 332 205 648 98 514 813 507 149 648 258 329 195 651 119 633
TestCase-62
172
707 249 362 819 409 788 106 981 282 794 951 398 571 366 33 654 340 238 404 35 990 776 432 550 277 798 819 164 942 269 48 763 275 741 82 343 665 427 8 793 695 274 233 672 1000 955 839 882 798 726 184 260 379 949 974 843 537 650 117 176 510 205 893 581 625 608 76 418 293 834 711 695 44 265 6 31 819 622 163 338 177 912 415 240 598 562 839 203 937 990 33 659 557 772 879 913 195 465 897 560 675 461 608 634 985 343 987 842 355 374 120 790 811 18 429 373 191 492 891 923 234 740 698 752 883 652 825 923 767 743 911 647 924 943 395 783 615 16 683 890 954 193 630 767 507 424 776 402 166 158 696 440 391 456 848 984 755 738 659 767 220 259 65 718 956 163 931 583 3 309 933 767
TestCase-63
48
102 158 257 181 408 263 535 925 661 432 329 552 746 435 503 476 123 257 620 323 264 259 740 292 385 623 527 24 512 960 662 527 971 515 208 433 279 749 672 780 417 740 38 989 23 425 569 88
TestCase-64
72
730 831 27 31 505 696 830 400 972 547 359 563 484 537 456 570 762 751 721 922 487 593 190 826 602 773 26 622 365 216 316 441 69 225 100 170 808 621 465 644 132 957 510 324 867 451 881 712 159 501 802 979 866 259 504 350 727 538 741 820 230 794 46 370 945 523 271 404 833 548 666 918
TestCase-65
153
99 315 916 133 517 144 149 66 957 349 200 46 28 502 483 80 588 537 52 143 644 478 577 139 577 265 83 310 366 943 134 903 480 935 380 44 338 106 903 104 640 694 113 314 674 316 595 375 185 790 8 673 773 487 415 415 649 220 94 428 876 274 967 498 443 686 505 909 386 149 440 830 211 781 435 644 790 197 275 74 829 141 477 330 372 299 820 830 461 352 252 167 473 1000 131 722 349 823 225 510 159 100 550 601 620 456 747 326 179 90 677 324 168 279 958 365 679 731 120 116 388 330 778 336 318 342 877 781 885 2 194 675 666 310 655 192 174 869 572 163 487 982 247 82 731 537 917 266 919 723 109 53 388
TestCase-66
191
92 401 475 497 680 145 724 145 60 944 116 155 648 123 855 414 623 914 97 289 84 591 595 103 223 874 766 922 310 866 846 413 924 177 544 464 720 274 783 346 642 179 663 828 414 268 915 917 182 939 166 845 742 88 217 653 533 837 924 785 367 692 754 467 890 923 675 855 93 340 529 435 817 808 310 470 829 58 144 358 180 512 232 952 237 67 129 938 784 451 445 102 370 770 231 124 331 138 205 243 632 561 323 677 509 882 352 604 998 653 878 493 924 517 679 900 277 793 304 19 638 701 637 939 185 279 201 513 562 727 854 113 320 451 179 113 50 467 543 542 575 628 577 560 756 675 385 892 430 326 623 816 346 233 339 507 149 533 740 756 865 27 999 757 494 826 144 2 87 576 871 20 873 142 784 893 113 57 329 930 320 684 199 785 65 692 50 777 236 750 182
TestCase-67
93
979 393 666 975 543 635 695 377 918 429 215 402 737 41 611 755 229 583 8 908 457 756 12 425 158 795 206 65 593 652 133 954 934 914 807 325 769 288 905 302 796 908 464 351 537 424 503 338 829 273 529 891 312 455 811 548 341 411 687 344 953 414 917 774 288 951 714 15 220 861 932 731 479 771 306 413 439 758 758 848 877 951 833 699 133 942 991 184 489 195 974 175 640
TestCase-68
50
80 891 955 278 515 862 519 168 602 876 190 678 497 125 493 960 255 445 992 189 120 864 962 56 529 40 720 755 93 809 765 741 97 905 963 606 141 151 577 215 662 368 375 103 99 386 501 129 344 588
TestCase-69
134
209 622 230 782 612 584 455 618 294 98 144 429 860 98 768 926 194 964 735 134 183 947 705 273 283 812 693 333 174 457 728 345 560 103 773 93 406 12 64 194 352 446 906 255 822 339 949 438 604 127 337 68 494 623 506 305 251 393 893 732 61 354 340 174 92 574 283 967 470 7 811 832 636 641 164 877 145 753 572 581 346 697 762 466 865 891 710 70 811 399 839 999 279 480 291 30 415 880 25 829 927 467 831 114 135 827 839 308 338 305 622 160 501 820 456 8 624 333 930 159 425 827 28 306 872 183 975 592 827 832 161 81 432 886
TestCase-70
194
525 885 464 891 835 946 548 658 798 142 930 431 842 983 348 136 709 956 576 369 606 173 833 85 96 249 116 208 490 927 735 994 866 671 966 197 29 813 878 386 338 271 364 605 259 454 931 532 768 994 972 40 320 895 457 444 934 867 229 898 776 755 763 486 16 535 840 611 748 406 731 820 876 832 346 220 978 995 577 358 301 821 167 182 744 734 288 205 829 994 970 122 361 754 388 159 310 832 262 728 638 848 172 886 416 29 684 976 929 844 80 844 191 949 400 422 81 79 693 584 256 549 70 222 332 761 464 572 734 623 814 101 792 174 830 918 164 785 621 603 623 50 896 982 449 795 267 219 550 63 506 76 18 665 50 609 193 176 505 773 675 205 534 298 589 759 582 90 154 382 867 559 828 810 1 905 636 343 672 318 916 560 811 232 595 312 13 588 423 363 73 337 987 287
TestCase-71
197
355 841 103 308 578 153 361 40 741 15 858 658 612 931 838 411 9 443 240 841 441 584 477 301 833 5 180 707 587 466 551 70 664 796 15 685 45 817 94 131 403 393 613 180 752 226 667 562 111 31 887 42 404 416 836 290 176 863 390 27 687 327 646 431 532 206 946 527 832 365 611 252 694 34 426 505 526 998 646 49 858 849 205 347 469 746 189 582 202 218 37 205 123 301 776 332 338 751 313 814 148 185 591 738 426 283 57 968 392 817 827 114 775 583 999 812 879 940 510 167 812 390 805 228 420 781 397 132 574 647 454 905 638 706 834 372 942 48 659 632 538 234 222 526 410 498 230 586 747 81 554 114 157 901 170 311 29 327 117 135 635 987 653 541 634 809 185 560 427 263 14 784 808 376 142 46 528 222 733 456 684 628 277 799 427 883 959 793 62 770 256 604 273 198 346 683 108
TestCase-72
178
860 275 504 381 852 301 60 272 714 111 368 292 200 939 349 239 247 851 205 193 702 388 125 548 258 681 173 994 985 355 926 401 28 899 547 686 45 548 445 702 113 261 824 727 206 524 308 755 88 921 992 108 513 999 433 691 567 362 184 151 817 125 295 750 868 818 757 778 302 179 498 922 302 254 963 939 870 945 552 595 707 247 80 490 820 198 367 437 276 954 336 951 911 106 811 144 475 837 643 360 519 133 65 957 785 472 411 787 494 327 842 625 320 496 145 291 47 421 707 820 68 475 608 182 70 782 116 890 404 237 299 641 110 436 965 642 970 598 986 303 555 932 32 580 51 414 760 423 537 377 233 909 795 252 167 670 668 111 973 120 549 620 149 304 367 498 524 253 443 797 153 954 613 614 902 192 996 350
TestCase-73
47
780 675 889 23 343 154 106 526 323 621 913 254 105 753 763 914 576 994 946 107 754 700 489 536 630 715 945 956 506 294 344 903 632 93 214 43 650 948 414 266 525 728 349 226 603 926 349
TestCase-74
67
741 802 763 718 924 68 823 849 461 819 131 40 688 100 450 957 726 288 782 343 261 455 19 352 751 330 654 249 836 362 749 371 368 932 971 736 385 207 18 404 989 644 595 552 316 411 813 618 23 559 876 906 122 322 25 445 147 95 856 129 52 673 936 570 299 987 202
TestCase-75
193
671 371 249 579 85 783 229 684 444 326 660 649 713 644 294 22 67 472 282 648 965 391 219 165 743 935 464 12 162 887 3 171 586 697 933 51 95 379 787 56 684 230 886 232 509 262 320 580 810 384 755 671 550 322 671 788 716 510 949 632 518 848 864 795 52 250 134 759 219 987 238 101 144 109 43 615 574 94 605 858 744 823 630 445 465 667 461 405 15 754 632 781 652 537 641 904 985 327 721 535 216 130 626 307 568 301 689 412 610 535 776 52 470 585 581 254 948 403 271 571 679 315 756 124 841 322 588 722 998 262 987 713 527 274 464 458 106 939 602 836 319 331 705 79 734 447 887 350 761 7 829 112 862 989 733 337 853 603 108 571 202 585 690 684 6 960 953 19 19 318 767 474 113 530 682 929 21 512 759 243 281 878 932 528 309 804 944 271 206 968 763 412 618
TestCase-76
115
930 489 315 339 16 777 880 591 795 618 964 616 794 302 110 350 711 94 158 395 468 269 834 358 286 640 939 702 971 767 785 227 727 188 565 992 466 478 266 488 97 86 952 704 177 567 54 795 258 369 990 883 341 369 59 394 687 350 179 995 292 905 488 46 554 517 311 327 947 277 777 636 642 328 77 838 358 850 21 828 460 852 638 178 368 921 631 302 712 271 503 2 457 162 250 356 990 239 117 896 657 49 390 456 812 388 663 886 614 856 38 333 27 695 13
TestCase-77
118
991 257 218 714 181 477 106 713 787 756 410 576 58 271 108 141 60 11 264 434 538 677 794 847 595 292 822 70 342 494 599 347 272 343 237 49 758 533 244 453 536 725 19 695 838 392 327 44 537 995 900 208 733 757 117 575 250 31 840 751 552 996 321 154 818 733 247 586 505 554 506 444 185 458 269 177 40 370 977 692 303 870 869 754 350 642 281 235 401 6 61 879 905 785 697 970 103 140 998 613 339 917 578 169 20 43 814 547 958 167 969 594 159 81 143 155 561 192
TestCase-78
105
399 20 379 296 353 798 578 783 17 243 603 942 11 377 794 789 377 351 89 589 693 702 380 375 67 420 193 370 970 979 589 259 820 154 218 857 537 190 615 139 962 843 518 803 947 115 327 596 597 574 641 636 99 632 170 367 262 480 269 458 190 405 429 370 100 325 154 266 877 811 184 345 459 790 83 384 816 383 275 891 679 361 839 153 424 991 212 205 162 597 471 609 438 675 815 601 721 251 784 2 375 140 32 452 419
TestCase-79
146
829 97 862 54 398 297 640 707 205 442 4 892 728 629 235 414 630 966 497 862 967 506 615 436 413 952 415 63 318 181 172 884 851 329 125 517 638 461 163 590 889 400 234 736 129 262 19 977 927 469 808 790 322 492 886 357 521 774 225 320 582 854 30 503 713 141 278 212 383 16 884 294 639 442 983 751 233 933 7 226 873 816 624 397 137 881 260 740 970 651 592 822 568 205 790 129 923 400 579 845 678 890 976 978 757 492 370 915 896 844 690 481 628 736 819 139 32 763 614 406 674 848 434 354 318 817 146 298 981 511 267 407 727 613 247 815 863 474 828 954 970 207 710 188 509 781
TestCase-80
117
39 755 930 852 760 420 208 540 300 707 885 436 107 317 277 167 155 773 215 315 134 168 356 215 895 591 608 819 164 62 108 130 958 259 589 294 291 191 63 286 587 968 856 381 111 424 267 343 731 611 575 538 641 267 872 111 984 569 961 571 829 58 31 350 747 435 622 496 814 326 912 686 602 821 235 123 436 432 973 684 86 607 894 257 892 787 559 353 910 742 826 154 42 10 130 396 844 374 831 29 382 830 343 529 607 1000 942 854 864 828 607 409 553 967 935 731 114
TestCase-81
27
633 568 198 217 331 658 569 413 148 43 899 922 86 942 34 653 363 213 902 422 584 712 662 119 422 213 347
TestCase-82
24
106 957 744 774 803 141 280 242 947 674 753 998 176 221 935 869 394 446 204 879 209 12 984 535
TestCase-83
72
429 732 807 221 985 522 105 832 772 631 372 872 903 650 885 341 258 522 240 511 594 218 580 53 580 928 677 111 272 443 657 104 801 39 103 336 339 118 637 290 991 101 247 896 807 311 808 585 67 100 401 492 153 929 333 231 134 244 142 41 732 584 56 479 489 561 566 241 435 890 254 223
TestCase-84
160
836 100 341 179 734 303 105 460 462 207 965 665 488 269 805 491 196 825 464 686 164 618 220 853 584 414 360 441 269 400 172 135 743 611 555 502 113 818 241 624 926 354 699 880 580 284 8 313 457 891 993 909 217 405 231 297 594 323 26 369 835 36 437 950 749 770 26 586 814 641 562 810 23 768 50 55 417 979 639 308 464 340 660 27 923 570 392 109 431 281 815 755 45 820 348 46 64 358 670 824 691 784 680 122 636 707 764 893 15 898 646 539 646 101 855 587 773 554 36 218 607 595 422 848 287 104 111 186 125 884 160 568 245 237 495 941 620 936 267 410 210 53 535 543 500 872 77 893 234 134 404 708 957 676 470 68 253 234 895 784
TestCase-85
31
160 445 894 689 503 431 263 624 832 197 563 38 566 715 681 400 159 718 506 760 587 829 143 50 898 315 396 597 492 683 468
TestCase-86
153
761 823 431 341 792 656 891 546 237 863 66 307 882 548 514 244 349 947 846 987 741 312 246 884 524 445 279 300 807 390 331 762 328 862 851 213 864 98 311 307 200 105 249 419 966 547 168 324 218 429 813 476 888 869 251 282 536 961 374 402 884 68 600 975 488 451 696 100 171 655 124 828 537 831 274 272 9 400 403 204 26 619 167 806 62 426 436 342 917 438 824 739 389 42 274 947 485 678 976 587 605 15 930 89 37 155 985 632 573 243 169 922 881 743 341 436 144 518 299 957 769 945 499 253 654 77 276 151 636 199 253 138 14 917 735 29 453 283 309 746 539 21 391 478 827 631 994 790 668 172 40 172 670
TestCase-87
3
535 410 363
TestCase-88
24
885 321 27 976 695 898 474 738 522 238 266 387 61 444 881 462 982 501 170 855 222 647 113 881
TestCase-89
139
529 97 537 223 644 789 730 870 753 869 573 946 410 330 284 237 756 612 61 327 981 691 286 919 89 909 724 981 820 616 600 856 822 190 111 471 796 24 490 363 257 446 926 178 39 731 540 181 873 165 441 768 731 932 722 948 790 888 750 204 308 620 974 545 593 53 56 236 25 587 788 880 685 774 379 832 264 466 832 977 743 627 289 286 538 339 384 134 69 659 452 550 117 844 751 100 158 169 347 425 223 552 258 742 361 642 363 261 520 896 758 12 533 824 913 954 65 965 673 431 678 955 114 590 846 728 431 471 810 76 766 103 740 467 857 643 151 392 753
TestCase-90
48
419 889 575 982 35 353 436 286 290 145 86 998 650 581 455 560 942 322 936 820 610 194 574 682 816 687 675 959 46 854 226 456 756 741 645 520 419 140 568 553 35 737 202 950 291 570 211 272
TestCase-91
15
526 376 712 749 292 394 135 38 198 640 308 853 212 459 302
TestCase-92
1
44
TestCase-93
110
447 564 708 970 11 710 171 693 106 376 430 237 896 784 276 788 412 513 363 579 159 742 94 336 221 681 43 996 403 896 778 385 286 338 200 517 733 775 243 582 601 582 38 801 504 804 253 211 288 165 890 189 463 238 45 81 238 406 407 433 646 769 29 150 630 296 728 828 913 316 672 46 581 209 306 498 392 116 628 690 823 706 358 92 682 469 373 230 634 596 46 814 104 367 675 473 879 196 318 297 759 102 791 4 70 879 687 618 446 893
TestCase-94
52
508 210 501 842 572 694 747 416 532 485 965 165 159 5 538 466 76 881 423 642 900 713 328 977 751 184 83 581 787 988 628 349 467 635 198 731 502 694 815 430 53 162 257 299 552 302 865 685 447 952 798 605
TestCase-95
1
672
TestCase-96
127
71 484 299 739 479 701 568 376 959 492 635 72 668 316 216 771 944 429 475 361 454 662 149 797 707 494 910 370 66 264 664 579 215 602 139 682 539 293 672 84 182 748 5 894 573 599 748 786 690 708 918 551 974 467 826 569 495 285 186 6 846 658 914 923 446 361 310 448 49 719 934 34 48 255 434 789 992 668 94 48 992 385 482 612 215 120 274 964 19 178 486 621 49 69 20 258 974 150 449 781 163 914 834 223 245 657 225 930 553 674 19 63 821 460 501 340 156 662 74 64 896 675 611 50 919 58 653
TestCase-97
59
978 885 412 787 789 271 804 10 507 268 820 956 103 569 154 82 380 743 327 645 535 868 672 206 868 547 695 628 899 822 636 804 217 575 528 984 307 537 254 162 190 363 69 104 293 425 898 434 521 261 543 157 114 381 981 408 124 840 989
TestCase-98
48
835 51 419 964 573 32 580 279 954 676 765 587 751 961 323 242 771 18 57 960 34 23 240 814 848 336 115 646 753 835 966 666 995 717 94 292 263 478 60 999 781 110 434 240 272 278 924 790
TestCase-99
152
615 1000 748 698 760 114 915 139 558 121 380 371 943 808 274 940 375 56 65 419 299 965 819 372 287 889 919 8 142 502 344 226 210 78 435 356 547 678 75 166 181 653 634 239 861 567 91 294 980 723 513 780 794 389 60 642 366 221 473 607 579 207 986 479 518 105 936 454 991 969 916 202 360 999 889 623 321 350 736 985 714 851 617 634 922 893 814 26 833 919 435 771 908 663 747 110 324 399 433 383 245 136 872 910 383 958 385 977 398 725 573 907 289 728 840 711 686 194 812 213 71 820 386 859 213 188 198 50 346 828 874 980 387 667 65 928 869 107 806 620 562 634 48 374 157 169 367 473 426 348 308 957
TestCase-100
197
297 991 330 438 757 176 463 694 142 679 476 143 420 554 645 361 325 125 31 954 910 721 149 713 366 334 681 209 126 730 940 297 372 630 50 97 716 449 894 651 999 564 896 655 627 236 17 466 488 68 244 78 210 213 938 664 987 815 933 613 203 365 381 8 305 712 287 871 695 10 348 633 61 353 169 421 81 751 683 444 943 563 917 710 149 676 467 488 550 687 661 322 14 384 24 85 477 498 725 8 974 254 540 60 691 112 944 388 102 420 131 871 489 589 581 937 312 587 396 6 891 882 545 33 587 223 951 171 610 182 474 183 464 196 12 518 786 47 953 522 482 902 497 398 275 859 670 770 935 834 465 347 630 625 558 669 649 102 779 175 590 689 668 739 672 42 459 497 902 492 274 435 231 782 814 994 48 33 751 952 966 755 336 392 498 242 621 602 24 548 643 972 205 998 581 798 343
TestCase-101
1
1
TestCase-102
1
100000
TestCase-103
51
90692 90693 90694 90695 90696 90697 90698 90699 90700 90701 90702 90703 90704 90705 90706 90707 90708 90709 90710 90711 90712 90713 90714 90715 90716 90717 90718 90719 90720 90721 90722 90723 90724 90725 90726 90727 90728 90729 90730 90731 90732 90733 90734 90735 90736 90737 90738 90739 90740 90741 90742
TestCase-104
41
38609 38608 38607 38606 38605 38604 38603 38602 38601 38600 38599 38598 38597 38596 38595 38594 38593 38592 38591 38590 38589 38588 38587 38586 38585 38584 38583 38582 38581 38580 38579 38578 38577 38576 38575 38574 38573 38572 38571 38570 38569
TestCase-105
138
70398 70398 70398 70398 70398 70398 70398 70398 70398 70398 70398 70398 70398 70398 70398 70398 70398 70398 70398 70398 70398 70398 70398 70398 70398 70398 70398 70398 70398 70398 70398 70398 70398 70398 70398 70398 70398 70398 70398 70398 70398 70398 70398 70398 70398 70398 70398 70398 70398 70398 70398 70398 70398 70398 70398 70398 70398 70398 70398 70398 70398 70398 70398 70398 70398 70398 70398 70398 70398 70398 70398 70398 70398 70398 70398 70398 70398 70398 70398 70398 70398 70398 70398 70398 70398 70398 70398 70398 70398 70398 70398 70398 70398 70398 70398 70398 70398 70398 70398 70398 70398 70398 70398 70398 70398 70398 70398 70398 70398 70398 70398 70398 70398 70398 70398 70398 70398 70398 70398 70398 70398 70398 70398 70398 70398 70398 70398 70398 70398 70398 70398 70398 70398 70398 70398 70398 70398 70398
TestCase-106
9
1 2 3 2 3 4 3 2 1
TestCase-107
9
5 6 7 10 11 12 2 3 4
TestCase-108
6
10 11 12 100 13 14
TestCase-109
13
91869 91870 91871 91872 91873 91874 91875 91876 91877 91878 57270 81568 13878
TestCase-110
15
50274 28447 8234 80810 48448 91834 91833 91832 91831 91830 91829 91828 91827 91826 91825
TestCase-111
2
2 3
TestCase-112
3
7 8 9
TestCase-113
4
10 9 8 1
TestCase-114
5
3 5 4 3 2