109
TestCase-1
29  2
4576 9890
329 8713
9580 9857
7129 7244
1059 2570
3905 8169
4610 6417
1226 4271
1010 7718
9739 9826
9734 9885
3349 8076
7366 7770
8944 9670
6443 9702
462 7740
4210 5260
9770 9847
7011 7245
4451 8669
7072 7633
115 6962
2939 4944
463 4987
4968 7321
1490 7777
8539 8626
2097 3254
3850 5573
TestCase-2
12  2
671 8162
78 1282
9644 9961
4602 5891
1501 8910
409 1892
1867 5039
4221 9283
5381 9901
4357 4363
6805 6991
7788 9172
TestCase-3
15  2
3100 7743
1337 1417
4971 8150
7829 8888
3503 5914
3798 6957
5154 5744
1180 2175
7427 8064
9840 9905
3752 7073
1174 2369
4728 8830
518 4823
3057 9113
TestCase-4
31  2
7820 8029
5381 6725
6032 6969
8413 9383
7553 8686
2496 6674
6921 8698
8477 9787
2827 5927
1076 4851
6610 6685
3490 4986
402 3415
8119 9658
5191 7343
5835 7648
9351 9436
3596 8607
7764 9073
2318 6624
1426 5682
7639 8852
5648 9827
9070 9385
1917 3453
5813 8392
8960 9861
5748 7517
9587 9921
2254 9990
8999 9367
TestCase-5
5  2
4696 7234
5152 6209
2369 9657
2141 3949
6480 7470
TestCase-6
41  2
1600 1731
7036 7773
7551 8229
3097 9604
6963 9498
5744 6275
8610 9637
9841 9987
5003 6115
6670 9113
4406 7665
8152 9995
5965 6472
9321 9406
8061 9071
9389 9711
5524 7594
6015 7370
954 5192
6538 7967
229 7261
2032 7552
4735 9574
7394 9897
6175 7881
5844 9371
3613 8839
4217 8971
4420 5315
7562 9921
8111 9987
9647 9998
6487 8686
879 3212
4095 4666
612 6396
2198 3963
6603 6756
6588 8216
3163 8704
9029 9840
TestCase-7
32  2
1804 8977
8705 9827
9000 9273
300 7247
9370 9500
6189 9472
8156 9013
9952 9984
4438 5677
4109 5639
4615 7820
4259 8897
8798 9748
3498 6914
1680 6935
4900 6191
837 8401
4281 5519
7955 8124
360 1641
107 1176
7192 9783
8211 8518
6077 6966
4014 9860
5504 8775
185 3566
1815 8840
8030 9172
2873 2989
9234 9887
1744 8016
TestCase-8
49  2
4433 5179
6425 9809
3267 9342
9485 9585
7730 9313
1541 5629
9329 9960
2153 5626
8980 8988
4312 4401
2201 6105
4023 9034
6577 6925
999 1763
8478 8685
2597 9809
8397 9858
9732 9899
545 7782
1525 6606
6099 7772
9054 9301
156 4095
8692 9172
2754 2867
5745 7323
3958 6153
4405 4992
9847 9993
4832 7455
8295 9872
2635 2985
5137 9516
2196 7321
7334 9021
8734 8801
4096 8183
7809 8333
3492 8850
1928 7406
704 3174
4428 9981
1178 5019
2622 7468
279 5605
1257 5368
3205 7530
879 7330
3001 5160
TestCase-9
18  2
109 4182
3566 3659
3372 9997
4875 6218
3026 4820
8437 9892
3810 8033
576 2195
6671 7509
8113 9921
6049 9856
638 1977
2397 7846
9078 9805
5844 7611
9293 9495
283 481
1177 2826
TestCase-10
33  2
1817 3441
2016 4823
2726 7380
250 2404
580 8898
9329 9562
2734 7923
4201 4287
4435 8449
6816 7223
8018 8400
1617 1783
7819 8738
9538 9633
4177 9718
7325 7674
6584 7508
7371 7682
7569 9708
2376 8552
7237 8907
2101 2237
3979 9715
9094 9437
2186 7100
3532 6445
144 2773
6202 8719
9749 9929
5923 7140
3223 6387
4856 6688
1319 1407
TestCase-11
29  2
598 9214
4759 4960
7060 8950
9259 9545
4852 5401
1700 1796
7279 7322
4323 5198
7178 7950
1367 4239
6499 6946
8568 9999
6126 8878
6256 9763
8069 8911
8960 9837
6127 9238
3344 5002
4260 5904
8900 9060
5365 9136
9882 9888
7422 9732
5983 6317
1827 8553
655 1395
9909 9943
5026 6433
3774 4023
TestCase-12
11  2
8807 9585
2123 5316
7267 7942
2370 8044
9110 9648
6977 7891
1386 8414
5569 5614
8489 9052
501 7113
2405 5998
TestCase-13
30  2
8416 9965
7856 9944
5928 6109
5217 7815
6445 8103
5970 8705
8028 8370
2229 4790
1969 6570
1505 2908
6383 7439
9231 9577
5940 9948
3171 7104
1829 9052
3696 4814
8269 8781
1375 8176
8030 9569
1550 8490
4426 7748
8256 8823
2269 3967
1458 8216
3099 4067
9827 9964
3389 7671
8974 9950
2059 7366
7833 9205
TestCase-14
17  2
8341 8454
1589 1718
3298 5547
9103 9674
9836 9979
3595 6894
5644 9270
6271 7662
7857 8032
5749 6773
6427 7051
8155 8599
4949 6501
907 8086
6014 6228
4641 7629
58 3028
TestCase-15
10  2
8003 8871
3556 5225
3526 8640
8432 8573
1896 8075
2532 8294
9978 9999
3289 6810
4809 6543
3872 8640
TestCase-16
38  2
6679 9324
1763 2608
3831 8610
9913 9921
3764 4982
2989 3713
770 4969
2228 9744
2998 4736
1340 8732
5052 6806
5833 9165
1714 7799
1627 2337
4289 4446
1580 4263
870 8570
5994 7787
3519 4909
5439 6349
2539 4158
915 7608
9704 9909
2777 8099
2369 2752
7064 9234
5339 8107
9092 9555
127 7296
2819 9123
5828 9955
4837 6453
8524 8545
4317 6369
7837 8258
7931 8221
5040 5628
2333 6881
TestCase-17
26  2
1484 1823
7810 9445
1127 3622
4435 4499
8108 9734
7353 7590
8889 9115
7876 8892
5195 9508
3746 4029
2742 9264
6209 7234
6637 8626
7960 9676
9596 9704
7997 8378
2223 7210
9418 9628
6846 8486
4652 7057
6951 8932
2060 2131
8430 9615
4109 8968
6217 7489
4357 6608
TestCase-18
41  2
2536 9311
5903 7888
2062 9876
1964 8057
3411 5406
162 7105
2594 7120
9455 9767
3064 4097
5870 7493
345 9357
7095 8835
7092 8835
434 4404
3302 4568
5775 9290
4634 6161
7366 8155
4214 4448
6776 9157
2672 8796
2538 4458
8194 8648
8384 9169
6751 9878
8253 8665
1053 2560
9023 9496
549 1691
3408 6461
5433 6766
5241 9613
3098 7742
4576 4787
9125 9938
7360 8130
7864 8910
7844 9206
7600 9577
4228 7771
7648 8574
TestCase-19
18  2
6331 9528
6196 8535
5367 6555
7155 7645
2967 6388
9200 9279
739 4188
8320 9066
6523 8291
2319 3158
754 3766
1294 4321
2452 7969
456 5978
4171 5779
5574 8204
8046 8510
6968 9706
TestCase-20
15  2
9529 9534
2767 3205
9935 9985
7604 9306
2423 4140
5995 9232
7476 8514
7203 8832
282 1795
7296 7336
8762 9151
6490 8956
1843 7107
1796 4419
3180 9793
TestCase-21
14  2
4657 8269
9638 9642
6153 8616
7913 9835
3473 4381
946 7438
6882 8172
8611 8702
1040 5147
8763 9603
3360 9171
5165 9547
5915 7523
9328 9535
TestCase-22
33  2
9532 9698
8340 9862
4962 6099
5092 6242
5656 7551
3541 5483
3558 9243
4701 7815
7820 9145
7770 9741
2506 9541
9939 9956
7016 7325
3555 6525
6248 9369
9918 9944
8650 8907
1676 6977
6068 7629
3527 7536
8949 9616
7593 9800
60 1415
7138 7557
4043 5069
4672 8128
2007 6728
9087 9792
1662 7558
5989 8296
7955 9526
8055 8447
6454 7556
TestCase-23
37  2
3038 4408
8856 9880
2621 8986
8747 9206
8715 9788
7084 7198
5424 8323
9075 9320
9135 9932
5088 7316
6240 9184
38 466
3639 5385
1806 2656
4154 6404
5516 8862
3597 6332
2800 7385
2449 9789
2416 3653
6551 8790
6104 7766
9973 9982
4975 5779
7790 9889
336 7613
7835 9365
7359 8490
5171 8688
9044 9897
818 9225
7056 7803
8230 9111
1272 7680
1114 4649
683 5120
9083 9156
TestCase-24
16  2
9306 9958
6335 8570
1566 9259
1634 4564
5016 5809
3459 9964
7411 9716
3477 5467
1724 6430
9148 9186
1711 8124
8131 9280
4627 5025
2993 9576
5997 9224
4085 7622
TestCase-25
19  2
7083 8162
3944 7894
3380 4125
4523 7608
1901 8044
576 3188
3826 9036
3867 9823
7046 9269
176 3067
1333 9963
1975 7386
8937 9553
6729 7737
1999 5575
8963 8980
2944 9742
2362 5184
3233 4353
TestCase-26
24  2
4135 4258
5611 8831
2291 5731
7733 7824
6627 7059
7305 7457
5271 5918
5035 5285
4391 8243
846 2838
381 9150
3672 7716
288 8934
1989 7878
7522 9257
86 3368
6496 7411
9886 9984
6463 7191
6961 7097
2463 3313
3563 4142
4344 7442
8598 9244
TestCase-27
1  2
3460 7346
TestCase-28
47  2
1628 7882
380 3574
9075 9178
5693 5898
4550 9929
6595 9173
5077 5435
9053 9114
2524 5399
5564 6538
8643 9682
241 841
8426 9990
8505 9431
9471 9746
7408 8384
4255 5721
7987 9223
2012 8348
2172 7821
4549 6892
6460 8045
8547 9197
2838 6891
3837 4583
7853 9850
9397 9698
1601 7224
9527 9670
3038 6541
3690 7775
7773 9001
5429 8928
8930 9651
6931 8953
913 2880
9617 9756
7251 9908
3865 6105
3695 6315
8133 8635
4370 9774
4641 9033
1765 8513
2521 5661
3047 5304
1067 7980
TestCase-29
28  2
6 733
6025 9540
7240 8138
1521 2427
537 9893
5227 9483
4416 7826
5022 7414
4456 7185
980 5870
3992 9733
4580 4937
2402 2415
1452 6824
4328 9304
6163 8405
9412 9496
1889 5304
8139 8615
9966 9991
7273 9429
66 5476
8085 8634
6982 8669
3281 5239
3901 9740
6654 7448
6083 9848
TestCase-30
38  2
7846 9135
5858 7478
1563 4622
6456 7642
8447 9337
9296 9650
3311 5974
9098 9880
3286 4094
9187 9330
9115 9301
1003 3064
4075 6822
690 1500
589 6971
9023 9767
4690 4856
4805 7351
3108 9160
5751 6712
7520 7543
1032 3947
3400 5356
9762 9850
2234 7243
6948 7826
7751 9552
3729 5787
7680 9596
2129 8451
6656 7578
4785 5734
9942 9986
2495 7618
2726 8982
6922 9364
5508 6657
5186 9512
TestCase-31
42  2
8787 8825
8192 8718
4284 7464
582 1291
2537 9244
8042 9416
2652 4015
9168 9376
9911 9967
8220 9120
7320 7853
2130 8720
6842 7618
5017 6147
1646 9191
2587 6278
6616 9245
7988 9665
5104 8820
8422 9383
5254 9159
8350 9688
3331 7550
5035 5349
1316 7104
1012 5197
3990 5981
5548 9554
2067 8651
9017 9066
9493 9780
5554 6325
6098 7937
7378 9105
5740 9755
5310 5651
4613 6910
2156 8688
9882 9925
9238 9262
1570 5129
4958 5564
TestCase-32
11  2
5704 9314
653 2004
743 7343
6743 9276
7799 8217
5877 8267
1545 7002
4429 8427
5878 9878
6752 9074
8520 9588
TestCase-33
24  2
3805 9498
3034 5619
3840 3874
7845 8471
6835 8513
172 5916
9507 9513
4040 5123
9897 9945
3741 7783
1017 2060
8077 8834
7988 9586
2598 8491
2318 4721
342 6795
3603 4456
4738 8793
2932 3702
5780 6557
2190 4741
9727 9912
9984 9990
2828 8180
TestCase-34
23  2
846 6071
3625 4986
8192 8493
5424 9673
9702 9839
2257 4109
899 6479
9472 9686
2419 5085
2082 9715
6131 6445
158 4062
5680 7129
4843 7357
917 6239
6450 8596
5916 8876
6345 8813
6547 7063
28 5906
9010 9445
336 9561
9724 9915
TestCase-35
19  2
4073 5317
6700 8825
4119 7561
4241 5126
9132 9849
2018 5663
1607 8102
539 7820
2557 7749
8292 9831
4794 7694
1810 2607
6102 8183
9397 9779
7404 9332
6309 9814
5549 7469
8843 9941
2896 7804
TestCase-36
31  2
2764 4654
5119 9893
9546 9712
1088 4789
9409 9892
2827 9968
6597 8069
8646 8701
1786 5114
729 5444
658 3492
8476 8740
7892 8159
443 6212
3144 8934
8828 9556
1726 6823
259 6212
3037 3759
1167 5740
4638 7786
7651 8148
9746 9973
4214 5259
9289 9429
3541 7154
7729 8575
77 4999
9477 9781
8574 8580
3132 5691
TestCase-37
28  2
6897 8957
1904 9845
1301 3596
574 5284
542 6431
9682 9889
1172 6383
5761 9713
3123 8992
2038 4855
7578 9154
444 1009
4842 7445
3495 5822
3174 7485
5721 6269
677 3703
4693 9225
5995 6334
5235 7669
8499 9822
3950 5425
349 4977
9603 9983
7720 8515
1977 2665
484 7763
4200 6322
TestCase-38
30  2
2726 5275
9493 9661
5070 7116
6933 9454
8738 9441
3356 7603
8918 9810
2729 9487
5074 7512
9243 9392
8614 9338
8286 9801
5748 5895
5391 7548
6972 8064
900 9645
1707 5842
8541 9994
8703 9199
4207 4922
9305 9924
1012 7279
5036 7349
6764 7000
4759 5816
7666 8068
247 8964
1406 7705
6239 8273
3282 3645
TestCase-39
7  2
7422 9928
7756 7996
8437 8696
4329 9841
8113 8863
2881 7517
3213 7939
TestCase-40
43  2
6124 8733
2010 3825
748 8642
3102 5583
5502 8441
9097 9365
5869 8835
1388 9102
923 4483
6538 9812
5908 6522
5746 7415
5244 6570
860 9536
9285 9618
7670 7742
5064 7587
1952 2886
1988 4232
3164 6917
4142 9463
3028 9102
7604 9507
7085 7497
8484 8970
7579 8415
7494 9175
7821 9182
4357 5767
3814 9445
7055 9908
3797 6529
4944 7026
6011 6486
7144 8697
8345 9547
7453 8597
1857 9802
1037 3530
7896 9667
3742 5439
1226 8649
8241 8369
TestCase-41
43  2
361 494
6913 9404
1404 6085
1823 9789
330 6827
631 4639
9752 9986
1606 3163
9625 9969
7976 8297
7841 8120
2489 4847
7138 7619
9731 9870
4118 7662
1077 5782
4431 8483
3847 8555
7281 7723
3740 3852
6110 8044
7655 8297
5362 5636
814 6505
1118 6395
1401 8708
6837 7325
8860 8988
4093 7015
7862 9450
3918 8877
4822 6009
1510 3171
3648 9496
206 6560
6001 9456
342 393
5970 7773
3166 8388
3552 5097
8820 9569
1586 9473
6500 7140
TestCase-42
29  2
2641 6365
6637 7789
2310 2721
8446 9544
3455 9398
4645 9044
7996 9045
3910 8946
6472 6586
8005 9984
8801 9354
8585 9100
9623 9871
7797 8212
7912 8351
128 4360
2818 4834
1538 2931
9873 9905
8984 9381
2770 4874
9053 9944
7849 9849
1052 6578
4470 7641
2694 9146
8687 9393
7092 7239
7937 8324
TestCase-43
8  2
3999 5840
8487 9378
7289 8429
7524 7704
7683 8431
6066 7026
3897 6080
6474 6887
TestCase-44
34  2
8255 9073
5262 7237
6815 7445
6772 8442
8881 9421
3674 9009
7601 9141
2521 6826
5857 6627
9218 9605
1341 1639
4679 5554
9198 9827
464 7413
8388 9639
6503 7298
7766 7818
6052 9398
4010 4075
9026 9158
5176 8085
129 3732
2054 5242
7403 9347
2145 6935
1387 2705
7469 9551
7166 8489
1926 3918
5237 6117
7459 7984
6811 9235
1618 8026
2287 9579
TestCase-45
36  2
824 9833
7851 8903
5383 7246
9490 9798
1033 7978
3157 4106
5613 7265
3605 7593
3169 5282
1510 8274
8505 9344
9759 9913
1821 5051
6426 8669
4992 5788
3420 4807
8895 9687
9493 9919
2494 5671
6689 8721
742 9090
2952 4707
4305 8747
987 9081
1598 3019
3002 3876
1729 6203
7137 8531
2670 8999
4867 7905
3495 5652
2102 7647
3306 3786
9320 9720
9689 9871
7766 9220
TestCase-46
33  2
52 9114
3951 6149
2187 8162
7 434
3771 4390
9841 9942
9874 9962
604 6443
189 1978
8816 9124
7133 8097
6873 9632
5454 8683
3360 6156
8684 9827
5296 8472
8336 9022
8100 9913
3804 5018
3599 6788
9827 9929
2728 9727
5623 7564
9253 9519
7949 9003
1460 6092
7110 8970
6650 9159
4442 5574
1332 8910
8216 9119
6597 7674
3976 5898
TestCase-47
11  2
1049 7142
8484 9449
9773 9819
9604 9955
6720 8050
4074 7407
3275 6283
9270 9435
1470 5840
3175 5739
5059 7583
TestCase-48
30  2
3204 8451
2270 2733
2909 9662
9757 9852
1690 8146
5546 5752
9137 9217
543 6923
3047 9925
675 7465
4450 8857
2866 4649
7290 8406
1738 4244
8777 9389
3270 9854
7622 7648
5203 9787
4351 7221
9574 9649
6876 7113
8765 9097
1588 8948
5345 9714
9250 9831
3096 3940
5520 6756
8331 9717
6475 9241
1717 5631
TestCase-49
44  2
5385 7672
5448 6824
9943 9951
4040 8374
1204 2921
838 1346
153 3752
2357 8128
3715 9846
870 3066
8843 9491
8929 9200
9080 9428
6313 7027
4917 6834
7406 7789
7327 7896
9620 9647
5506 7598
3938 4108
6274 6399
1437 2764
1733 9792
3545 7992
8542 9547
190 8354
3470 9722
6721 7967
1263 2993
4571 8467
2994 5493
3224 5061
6860 9441
17 4702
2811 7321
9805 9962
6044 9069
5712 7270
5702 7846
6797 9975
80 3611
4099 7548
2519 9026
536 6578
TestCase-50
35  2
2405 7204
4248 9697
2736 4648
446 3259
936 1869
7233 8509
3528 4994
2432 6868
3827 5725
6572 6634
2091 7410
8557 9577
2698 6357
1774 7152
6153 8072
8378 9650
3891 8931
945 7953
481 6410
7573 8842
6479 9692
7291 8008
4394 8516
7892 9082
1495 7516
6473 7807
2520 4824
2683 6589
8027 9505
6703 7157
1012 7436
3767 9655
2460 5096
4496 9046
7162 8566
TestCase-51
48  2
9372 9412
9274 9427
7255 8045
9888 9983
3011 9200
8208 8782
8442 9991
5206 7766
8112 9008
6163 9662
9233 9798
7662 7892
8288 8906
8993 9370
5431 7159
8478 8956
2967 7571
3255 4105
6799 7006
2492 6861
2419 7533
450 8505
914 9834
8959 9269
2331 3123
2476 2678
6834 9893
4524 9001
8417 9665
4344 4568
2202 2326
8431 8927
3281 3368
8453 9119
6757 9681
6426 6666
5906 8627
2737 9314
6371 7695
5533 8889
8297 9474
9248 9504
2224 9030
9115 9892
3425 5972
4599 8474
7626 9934
4062 9117
TestCase-52
16  2
8001 9900
3498 7649
3246 4269
2040 2882
3254 5604
6638 7568
4896 7034
741 4847
6385 6859
6579 8732
5171 9238
6477 8362
2096 4867
6740 7772
3742 9370
2609 2937
TestCase-53
6  2
8305 8748
4520 9088
596 6627
197 3338
3032 8106
591 9299
TestCase-54
29  2
1008 5773
2860 9114
1762 3550
8948 9010
9714 9892
5237 7258
5959 8905
9515 9812
4585 5780
5721 6204
1969 2337
3614 3832
8235 9958
6340 9455
3672 4583
8162 8560
3549 6815
4191 5830
713 6996
1048 6298
3745 9368
1599 4201
6405 9622
3318 3992
7070 7751
2094 3867
9308 9939
8837 9830
8514 9020
TestCase-55
39  2
1665 3789
7317 10000
1357 8254
4231 5727
1845 9167
2339 6787
1760 2270
751 1155
7670 9360
1856 3434
4410 7250
7627 8288
1122 7889
6919 8103
8030 9352
1799 6499
8186 9496
3337 5956
8725 9033
919 1896
4610 6086
5843 9850
7771 7880
1724 7888
8015 8655
1895 8038
3807 4861
9344 9814
5021 9799
7456 8713
5573 8984
6076 9076
5810 9713
7810 9326
822 8639
1924 2845
8298 8741
932 4735
9644 9877
TestCase-56
11  2
5783 9895
3647 9714
660 3281
8945 9750
3635 7718
6517 8842
5820 6586
8242 8584
5450 5928
4544 5418
1160 6157
TestCase-57
1  2
5291 6755
TestCase-58
15  2
8863 9847
96 9502
9888 9920
2908 7840
100 5577
7043 7546
4268 7057
1236 9249
3213 6560
9684 9871
3775 6499
3743 5619
1221 2089
5441 9194
9946 9957
TestCase-59
24  2
1319 8360
5955 9416
9442 9510
72 6350
6966 7387
3621 9635
5953 8415
4817 8166
5730 7937
6250 9236
9275 9282
5774 9013
2908 3865
3931 7846
5839 8660
4495 9109
3579 5451
2030 4226
5114 7411
9435 9634
4946 5830
1255 6285
9859 9978
8548 9311
TestCase-60
25  2
6827 9743
5008 6711
4454 4869
7085 7132
3730 9450
7478 8583
8593 9708
4916 5855
7884 9416
5458 9959
1851 9163
5225 8278
8775 9512
6902 9756
5435 8657
5645 5951
2173 7858
9846 9893
7956 9546
1257 1884
7288 8519
5143 9575
6272 9258
6559 9816
9010 9254
TestCase-61
3  2
6016 6953
2210 7157
5223 6336
TestCase-62
44  2
2798 9516
7018 9157
9529 9705
5283 5626
4551 4862
7735 8386
9175 9280
2444 2685
7055 7611
882 1797
3722 7713
4094 9873
6875 9481
1213 5507
5286 5823
4944 5132
1966 9611
4319 9488
8633 9619
3442 4612
6557 9495
6484 8954
3683 6048
7691 8965
7791 8742
3453 5905
217 8876
3816 8722
7278 9575
6657 7489
4114 6146
3803 8343
3677 7960
519 1898
4607 7183
2561 7398
2483 4520
272 1898
9909 9999
788 8396
8856 9876
8321 8948
8712 9934
9740 9981
TestCase-63
28  2
298 3711
7986 8125
3094 5683
5655 7714
1656 9748
1368 7572
8964 9092
1988 2714
7708 8127
6963 9027
1772 6071
2555 8321
4126 7895
2032 6777
6487 8982
1721 1752
711 3144
6641 8695
8462 9560
9879 9893
4653 5374
8356 9658
558 9254
5847 6821
2522 3398
799 5843
5978 9589
2356 8775
TestCase-64
24  2
3071 6035
577 4856
2249 7925
5194 6988
3671 8422
2255 9115
4877 8319
7044 8477
4720 7192
8104 9785
2229 7984
1125 1672
3034 4895
8727 9729
1870 9813
6750 6930
6820 9864
6140 6715
3100 7462
8476 8657
1512 2705
2266 5022
6221 9412
3701 6120
TestCase-65
13  2
8317 9287
960 3104
2836 4573
6801 7012
1229 8356
6063 6266
7405 7738
9668 9947
726 1906
7625 9910
9876 9881
9912 9971
9129 9869
TestCase-66
7  2
6151 8645
3971 6769
7483 9949
6339 8363
3311 8029
9070 9146
5972 7646
TestCase-67
5  2
7337 9697
3762 6556
5862 9261
6195 6823
6375 6717
TestCase-68
2  2
9248 9622
3277 5805
TestCase-69
34  2
6962 9635
2063 2324
3320 5306
3317 9788
6674 9185
7994 8272
6888 9177
3481 4592
46 9322
7324 7649
1081 6769
6958 8211
991 8169
7399 9761
7296 8417
6247 6922
7943 9170
3454 9696
3738 5678
8072 8462
6209 7855
5783 6361
3751 3956
7852 8654
8492 9403
2517 4431
7079 7858
2183 8173
6911 9902
4083 4827
1328 8498
9769 9902
8102 9487
1310 8865
TestCase-70
31  2
2425 5854
3359 7814
8133 8452
8430 8792
4638 6539
83 7661
6533 8457
6528 6774
2257 4193
3628 5193
7588 9218
4123 5323
9514 9610
6248 6547
9568 9957
1766 3787
8731 9226
4274 4664
9734 9993
9397 9800
2831 3265
8005 8154
7634 9997
2617 6528
5419 7718
8966 9458
9175 9272
1553 4062
6155 8345
7465 7558
6430 7406
TestCase-71
13  2
449 545
808 4227
7071 9703
217 1947
9096 9991
3602 9731
9260 9730
951 1516
9445 9660
7965 9879
7553 9478
4133 8845
3079 3501
TestCase-72
15  2
2476 6845
1291 5553
7723 8762
361 5507
5297 8842
4688 7958
888 9042
3889 5884
432 5197
9525 9647
7077 7682
599 1696
6566 7825
9263 9368
3714 8063
TestCase-73
5  2
8858 9091
9754 9907
2481 8156
3289 8792
69 8390
TestCase-74
14  2
4139 8681
4110 8739
5557 6294
9889 9992
7779 9695
6691 7783
5451 5738
3065 9145
7024 9805
8295 9274
8159 8631
2830 7900
7348 9812
984 7823
TestCase-75
48  2
2429 7316
9195 9598
2504 3634
5064 7306
7111 7132
5675 9455
9930 9965
8644 9977
9620 9841
8396 9975
3568 4445
2346 6670
9719 9740
3865 7958
3379 5089
239 6955
4042 9307
8073 8239
3585 7549
5500 7524
5303 8988
325 8780
9336 9865
975 3170
1235 5948
4793 8598
8476 9768
5837 9759
5783 9514
9292 9458
9420 9855
5734 7839
8615 8787
9493 9674
5782 9049
8024 9944
5634 9153
7512 8486
3021 9346
5921 6833
8901 9206
7789 8033
4618 9192
1038 5770
5583 7202
4332 6110
8213 8681
7579 8297
TestCase-76
13  2
173 504
7766 7934
4314 6701
1128 1179
446 7678
615 1354
1899 6216
2305 7038
5869 7608
5160 7510
6639 8901
3853 4009
2606 2826
TestCase-77
24  2
3028 4888
6310 7703
6819 8450
9400 9509
3153 6821
9208 9816
3760 8335
2410 4936
9132 9366
7116 9093
8594 8904
413 3969
5740 9580
7781 7999
2569 8279
6756 8939
4740 8277
2846 7869
1183 5991
6161 6778
3098 4657
2399 3427
203 7967
3973 6781
TestCase-78
8  2
1392 8476
4955 6901
1768 4264
8053 8579
1569 2299
8699 8990
1212 1530
2887 7181
TestCase-79
22  2
908 1407
8433 8809
5319 7031
3777 6742
2756 3032
3507 6653
5698 5764
9740 9897
7406 9583
8355 8670
7709 9438
6586 8992
1232 6488
2078 5678
9457 9746
8781 9407
2001 7464
8468 9809
7339 9588
6319 9504
2657 2735
7939 8168
TestCase-80
38  2
5609 6508
3614 9528
3488 4914
6253 8585
6172 6808
2780 4022
5901 9251
7908 9022
5827 8109
1981 5597
5163 8365
7187 8259
5256 6081
9945 9953
4706 6928
1168 6548
376 9039
3690 7212
5010 8880
4190 9073
9420 9946
9254 9527
5571 9568
657 1871
6979 8343
4049 7878
6735 7454
6446 9178
3658 8335
4193 5374
9681 9796
7750 9316
3919 4713
8174 8667
5971 7415
1661 5087
3356 9134
6583 8647
TestCase-81
18  2
5129 9957
6800 8455
7181 9532
5936 7342
5670 8751
6922 9873
3111 8099
852 5082
3016 7388
2094 2697
7631 9281
6787 9693
9139 9318
4952 8954
7387 7793
1992 2988
549 2023
9306 9345
TestCase-82
14  2
5673 8002
9916 9957
8064 9092
1679 7190
3822 6861
2181 5294
8295 8690
8289 8984
8893 9783
774 9689
8970 9298
1023 5597
7518 9779
7966 9273
TestCase-83
3  2
5470 7403
9825 9907
7773 9955
TestCase-84
47  2
9713 9780
6788 9534
4398 8911
8972 9141
129 7280
1749 4479
2468 3869
9870 9957
2138 3292
2990 8010
7786 9139
8691 8764
9173 9923
9434 9796
17 5453
5456 9673
1405 1641
9265 9722
7574 9876
7896 7961
1468 9940
4927 5263
3997 7977
2109 9467
3763 4642
3431 9809
8157 8307
2562 9113
6296 10000
375 4405
2955 3591
1549 6814
6372 8648
5093 9444
9675 9753
7709 7846
4670 7399
5059 6826
7993 9258
1447 1995
6893 7347
5956 6773
9433 9605
678 9982
4505 6487
2457 8102
9206 9776
TestCase-85
39  2
1785 5292
6290 6533
1339 3486
2124 5620
188 5189
5730 6723
9170 9253
5350 9027
2928 3157
5660 6298
8368 9108
9594 9899
2147 2439
3639 7972
4990 5337
2897 5657
198 3074
1396 9927
111 1470
8729 9234
8011 8385
2985 8455
7504 7931
1292 6677
6276 7480
8000 9627
5549 5882
8831 9689
7681 7923
8741 8855
1277 1375
4218 4667
6622 7585
3657 4747
7116 8351
4344 5798
806 3773
2244 6449
7918 9168
TestCase-86
39  2
408 7820
3228 9464
4722 6026
2618 9839
6535 6979
5001 6297
6451 6911
966 8219
466 1401
9844 9999
4464 5493
8764 9266
9389 9727
2098 9631
8067 9857
224 3604
2044 7704
1171 3443
8721 9472
9613 9862
2906 5351
7160 8326
3892 8350
9689 9854
6918 9127
668 3057
2348 5847
294 7512
8219 9076
4269 5277
2227 9396
4389 7857
4984 9215
9410 9996
7252 9076
1449 8532
3981 5721
6401 7224
4833 7504
TestCase-87
37  2
9628 9681
1248 7416
7816 7954
6044 8466
5984 6321
8414 9151
2822 8668
8608 8720
3183 7384
1242 3756
4877 7425
63 5401
6241 7280
5663 7339
6322 9664
3832 5078
5115 8598
6629 8793
724 7794
6840 9399
2023 6145
6037 8947
6587 7680
827 6646
7076 8951
3849 7500
3895 7940
3879 5953
7353 9534
5584 8920
9314 9845
3833 3860
3252 4832
2084 5227
7362 8704
7677 9668
1590 8509
TestCase-88
11  2
5483 8426
2347 6334
8326 9660
3284 8188
7293 8420
4841 8967
4535 9275
7110 8681
89 6841
5365 8331
9238 9388
TestCase-89
7  2
3990 7754
6163 6197
7792 9051
9959 9966
339 8100
2859 9798
8699 9878
TestCase-90
48  2
8652 9236
3993 8617
6561 7758
8055 8549
1109 9078
620 8074
4188 8218
8207 8361
2406 8178
4609 6884
4486 8152
8735 9862
2250 5650
9681 9754
4528 8646
4900 6874
5684 9733
6159 9532
3462 9199
6367 9123
2080 3912
8165 9138
4942 6071
1818 3649
2472 6154
9802 9867
9193 9615
3164 8844
3938 4280
2187 4183
1770 6272
9253 9272
8583 9871
4582 4619
9428 9628
9177 9712
270 9051
7703 9827
7068 7830
2467 8391
5200 8939
1934 9309
5898 6131
8626 8860
1971 3704
9174 9643
6108 9064
2130 7452
TestCase-91
10  2
2325 5119
4183 4420
5391 5421
3065 3450
2887 8343
7634 8689
3911 6013
6449 9161
3760 4587
4652 4952
TestCase-92
3  2
3379 8907
4964 8247
5386 6767
TestCase-93
16  2
4720 9985
1595 7948
929 4467
3651 6529
5740 8475
4859 8950
6064 8475
8157 8842
5934 7409
8766 8834
6473 9957
9064 9841
1581 2910
6533 7417
8431 9092
2677 6391
TestCase-94
9  2
625 6026
4545 6836
5632 5806
9518 9799
3538 6755
7808 9985
8744 9342
6548 9728
1453 7843
TestCase-95
11  2
7171 8762
1342 7261
8108 8331
5638 7871
7639 8033
8131 8563
3342 4365
5737 9399
4405 6108
6634 8669
8216 9723
TestCase-96
48  2
862 1415
282 5112
3311 6512
7662 8303
5451 7509
3839 5486
8401 8769
157 5612
7785 7935
6430 8561
4437 6400
1022 4726
4205 5039
2780 3287
4595 5839
7594 9969
1060 1495
6093 7387
8427 8672
1460 8187
2125 5697
7677 9943
4216 6213
6081 9573
9191 9647
2056 4588
6037 9623
1659 9589
7755 8087
3599 5215
8576 8979
7478 8504
4883 7066
2341 4350
8604 9170
652 4980
1608 5179
988 3824
1618 3536
1680 4753
3509 7984
5407 6210
4643 8891
1724 6862
4490 6265
9097 9870
8413 9704
9209 9997
TestCase-97
28  2
1035 8459
8064 8773
4088 8841
4843 5797
3666 8513
7640 9434
6514 7149
1915 2755
5883 6952
5175 8311
6964 8029
6338 8787
8770 9867
1940 3004
836 1719
5672 7114
6561 7456
4360 6278
1445 5145
8934 9198
2630 8129
5251 9624
5517 5646
2737 9137
1226 6228
5193 5791
4823 9777
5041 6884
TestCase-98
9  2
936 6623
6322 9665
3219 4326
3061 3643
2736 5281
4143 9880
9933 9956
971 4599
756 7816
TestCase-99
38  2
5665 7826
7805 7926
3292 8827
42 5695
6717 8736
949 8645
5721 9137
6926 8820
4782 8600
2490 5085
1295 1559
1655 6455
7157 7289
3679 6038
2393 8690
7425 8922
1043 2971
1358 2045
5614 8670
8916 8996
2556 2844
5121 5222
6634 7626
6908 7929
9897 9914
8486 8919
5930 7697
6746 7104
3272 5976
8500 9543
5250 9239
4206 8511
6556 9908
1090 1392
9778 9943
7884 8156
4632 7190
229 5685
TestCase-100
5  2
4265 5394
326 7174
3846 6064
9307 9539
2850 5164
TestCase-101
1  2
0 1000000
TestCase-102
4  2
0 2
1 3
2 4
3 5
TestCase-103
3  2
1 5
5 10
10 15
TestCase-104
50  2
0 1
0 1
0 1
0 1
0 1
0 1
0 1
0 1
0 1
0 1
0 1
0 1
0 1
0 1
0 1
0 1
0 1
0 1
0 1
0 1
0 1
0 1
0 1
0 1
0 1
0 1
0 1
0 1
0 1
0 1
0 1
0 1
0 1
0 1
0 1
0 1
0 1
0 1
0 1
0 1
0 1
0 1
0 1
0 1
0 1
0 1
0 1
0 1
0 1
0 1
TestCase-105
50  2
0 1
1 2
2 3
3 4
4 5
5 6
6 7
7 8
8 9
9 10
10 11
11 12
12 13
13 14
14 15
15 16
16 17
17 18
18 19
19 20
20 21
21 22
22 23
23 24
24 25
25 26
26 27
27 28
28 29
29 30
30 31
31 32
32 33
33 34
34 35
35 36
36 37
37 38
38 39
39 40
40 41
41 42
42 43
43 44
44 45
45 46
46 47
47 48
48 49
49 50
TestCase-106
4  2
1 5
3 8
6 10
12 15
TestCase-107
4  2
2 6
7 9
10 14
15 18
TestCase-108
4  2
0 4
4 9
10 13
14 17
TestCase-109
4  2
5 10
1 3
2 8
11 15
