108
TestCase-1
20 2
303 31
557 92
121 79
540 25
128 75
407 94
278 72
237 43
315 83
23 89
715 15
952 46
930 13
721 7
127 9
982 35
420 41
259 15
773 48
982 51
TestCase-2
13 2
724 56
888 58
833 92
351 34
38 6
67 55
451 22
177 7
74 46
234 96
33 82
124 50
290 58
TestCase-3
27 2
377 59
67 4
979 58
116 25
713 3
756 37
326 9
206 70
161 80
327 69
750 64
203 52
285 76
340 6
405 6
980 86
403 5
771 17
316 81
556 84
557 25
469 15
225 25
66 41
715 44
681 63
62 34
TestCase-4
12 2
208 52
149 84
198 83
822 18
286 36
882 65
32 90
791 23
410 77
52 98
193 51
171 14
TestCase-5
22 2
919 62
80 90
64 38
340 24
447 33
861 32
971 32
782 77
632 10
486 60
44 91
337 83
742 57
967 87
664 78
833 58
722 64
167 89
894 12
894 89
50 5
2 5
TestCase-6
13 2
217 50
194 33
730 0
992 98
974 77
463 29
779 55
310 89
291 90
501 74
404 10
470 42
524 44
TestCase-7
10 2
252 75
559 53
569 75
246 72
640 38
798 51
336 20
941 44
894 89
209 96
TestCase-8
7 2
939 64
626 50
744 50
360 29
954 95
606 46
641 94
TestCase-9
13 2
653 88
998 34
446 10
52 86
643 43
633 72
423 58
637 13
60 81
831 55
709 3
770 89
43 6
TestCase-10
5 2
445 90
872 56
759 55
221 5
362 93
TestCase-11
23 2
921 16
432 33
342 16
221 82
572 28
38 20
63 39
468 94
65 43
541 27
729 63
583 100
794 98
211 19
709 76
77 73
434 38
670 91
536 99
136 75
30 93
604 15
841 98
TestCase-12
15 2
292 43
826 76
258 91
404 63
638 24
84 66
141 34
251 76
45 76
446 84
860 59
821 98
829 58
564 83
732 44
TestCase-13
7 2
513 68
653 30
224 2
244 40
685 99
2 97
821 86
TestCase-14
8 2
563 5
10 28
155 14
815 74
999 89
965 27
210 65
564 93
TestCase-15
18 2
536 28
557 64
810 75
524 2
130 34
211 24
548 20
717 28
818 11
746 74
373 13
959 86
40 63
384 11
721 31
934 98
242 88
955 36
TestCase-16
22 2
325 81
131 39
962 48
114 85
386 96
588 96
900 98
413 54
157 14
783 10
684 49
473 81
520 90
183 23
346 7
170 81
886 20
537 18
526 43
600 18
159 61
190 10
TestCase-17
14 2
961 21
858 4
196 48
496 12
698 6
549 33
943 7
934 71
563 12
59 2
560 43
445 38
117 36
360 84
TestCase-18
23 2
33 74
464 35
839 37
836 41
506 29
379 58
461 0
916 7
83 11
876 22
786 15
256 12
268 50
336 35
607 9
314 96
510 6
876 39
951 58
19 82
850 84
787 59
809 43
TestCase-19
30 2
200 64
922 92
374 16
723 23
374 79
282 38
520 17
492 70
702 40
305 100
312 46
249 85
514 63
544 45
176 68
457 80
986 91
435 65
774 97
201 71
193 23
66 1
250 21
725 19
358 21
985 34
877 89
389 1
865 69
293 48
TestCase-20
11 2
690 91
981 38
49 48
558 67
319 40
152 77
529 51
11 97
473 22
101 77
256 1
TestCase-21
10 2
807 29
100 30
118 56
558 100
322 32
180 20
672 64
843 5
611 88
627 51
TestCase-22
22 2
140 92
135 88
807 9
316 20
751 34
135 7
483 44
767 15
892 17
569 1
702 48
14 55
515 24
172 37
593 17
547 50
112 40
247 33
828 7
472 46
664 36
706 52
TestCase-23
28 2
621 53
197 32
812 27
183 16
820 15
487 57
901 89
740 35
371 20
998 63
454 45
950 37
764 13
622 97
420 84
687 18
252 17
485 47
612 72
989 75
826 37
199 26
612 20
899 24
978 7
926 13
102 13
822 14
TestCase-24
11 2
96 58
341 95
173 63
254 49
234 85
601 55
768 28
912 95
543 15
228 63
523 68
TestCase-25
20 2
577 50
540 92
986 70
550 82
344 45
415 26
386 73
739 44
784 71
847 19
407 92
967 90
99 98
49 11
380 35
305 93
484 42
884 33
118 78
230 33
TestCase-26
9 2
389 82
190 64
13 73
993 64
597 96
597 36
19 31
866 26
238 24
TestCase-27
14 2
979 68
658 95
857 21
789 54
686 80
112 44
88 60
304 73
162 99
937 39
258 13
632 37
815 48
528 27
TestCase-28
20 2
977 11
49 62
581 44
939 96
965 85
806 70
82 98
591 22
403 45
235 40
467 19
462 65
814 40
341 0
987 91
956 98
497 31
501 92
145 91
173 84
TestCase-29
9 2
228 88
65 74
731 26
552 20
639 86
96 58
883 28
223 59
622 78
TestCase-30
12 2
853 75
20 78
996 18
591 16
328 14
325 40
478 30
466 79
471 69
640 59
170 43
532 99
TestCase-31
20 2
303 46
995 45
406 67
258 59
724 79
538 27
24 88
669 6
840 51
117 46
500 72
910 81
550 63
883 15
845 3
591 35
324 60
927 18
515 75
410 94
TestCase-32
14 2
4 13
721 1
664 60
25 31
732 37
526 23
474 51
146 0
11 91
666 17
858 37
773 29
192 47
439 31
TestCase-33
8 2
109 40
245 52
247 73
23 51
804 24
6 42
431 77
493 41
TestCase-34
10 2
466 60
642 79
264 59
67 71
239 49
459 98
77 31
512 8
510 73
938 51
TestCase-35
24 2
545 100
563 84
299 45
681 31
508 52
611 27
813 74
894 70
326 61
150 47
344 34
48 54
105 93
695 35
700 11
783 4
333 64
828 35
930 17
252 6
51 65
799 44
814 74
659 33
TestCase-36
12 2
203 77
492 7
766 57
542 56
877 22
816 7
446 77
498 10
389 34
708 79
946 81
615 81
TestCase-37
26 2
890 68
280 50
745 3
853 80
109 27
462 67
567 100
604 30
725 57
302 57
915 58
74 88
854 82
851 56
857 85
179 13
81 85
269 74
672 81
132 13
658 29
923 83
560 70
413 64
794 87
470 90
TestCase-38
27 2
486 14
769 93
500 78
755 43
965 25
938 83
650 30
138 91
250 74
637 65
883 99
146 89
166 73
521 20
146 40
361 93
783 93
162 21
851 88
120 31
930 92
183 7
825 29
639 84
702 66
537 52
129 5
TestCase-39
19 2
220 8
629 40
829 75
863 87
23 46
352 58
718 32
59 10
848 29
248 24
567 17
969 61
218 37
610 51
752 82
103 56
342 39
699 68
739 40
TestCase-40
30 2
80 56
811 64
701 11
774 82
578 8
684 8
759 32
726 60
468 7
193 11
650 31
421 20
572 4
21 78
521 22
292 42
565 15
165 81
767 99
728 15
389 70
335 87
733 22
112 43
264 96
370 20
818 70
613 86
308 67
305 53
TestCase-41
22 2
465 75
847 84
506 57
208 78
252 11
477 19
688 1
796 67
578 83
703 69
965 17
329 25
80 17
35 23
406 58
299 60
752 62
323 4
720 75
263 37
507 96
835 38
TestCase-42
19 2
34 89
495 7
589 98
786 19
918 23
45 93
549 13
681 75
372 10
161 21
914 59
981 24
201 50
646 62
70 69
907 24
563 38
530 0
863 96
TestCase-43
7 2
678 66
356 27
192 40
120 4
890 35
638 11
633 40
TestCase-44
10 2
443 13
954 81
355 82
48 47
878 79
741 73
341 25
854 36
227 5
466 2
TestCase-45
17 2
494 96
954 74
838 62
893 25
916 38
32 69
401 14
251 41
986 53
919 36
632 37
101 54
843 80
484 0
22 31
890 61
40 57
TestCase-46
12 2
349 48
334 86
901 97
92 7
256 24
178 45
47 83
611 71
619 92
213 18
824 22
511 81
TestCase-47
15 2
277 12
919 28
689 43
2 87
807 5
153 21
707 4
344 27
564 11
345 62
317 50
520 1
655 45
294 86
208 84
TestCase-48
30 2
710 23
570 44
199 25
59 35
648 50
372 14
465 33
823 14
277 68
390 55
570 79
789 47
110 56
175 43
952 42
933 66
367 6
15 8
97 45
601 94
223 78
45 17
508 76
482 1
928 30
410 34
967 73
945 6
793 34
758 67
TestCase-49
16 2
943 24
140 51
96 91
872 82
560 91
511 66
166 68
452 67
213 16
67 58
597 40
218 70
534 62
641 72
390 1
216 38
TestCase-50
24 2
954 35
393 42
281 6
819 46
867 82
740 3
15 68
282 4
254 88
338 56
341 81
857 18
622 89
221 83
878 59
903 93
240 63
272 89
453 11
816 75
509 69
744 53
332 8
525 31
TestCase-51
22 2
12 9
32 13
883 43
491 52
982 8
274 27
429 19
798 43
400 40
381 18
528 74
260 99
812 13
820 8
970 97
27 96
671 5
651 36
860 12
387 55
475 51
198 64
TestCase-52
20 2
159 26
548 90
979 87
270 96
779 61
439 65
368 61
324 14
73 51
348 32
727 94
522 27
48 77
875 47
591 6
447 7
296 71
176 31
834 87
748 62
TestCase-53
18 2
374 81
497 7
142 74
938 34
746 37
166 11
409 93
16 82
930 95
499 10
356 33
552 53
80 38
994 37
863 60
337 17
795 71
160 65
TestCase-54
12 2
537 21
133 57
739 50
309 5
1 64
225 43
115 1
707 99
29 34
23 97
512 5
807 29
TestCase-55
6 2
227 69
224 29
265 56
417 45
658 33
35 23
TestCase-56
23 2
609 96
432 36
443 97
803 14
91 90
57 67
5 56
650 47
280 10
342 52
700 13
423 62
52 25
829 32
733 91
452 23
186 17
572 63
210 63
486 40
973 52
648 59
890 20
TestCase-57
28 2
560 99
73 63
433 22
884 19
792 1
158 66
163 17
643 66
772 100
272 85
78 14
682 18
422 97
770 51
771 83
913 28
548 17
223 44
695 82
566 29
219 18
481 41
689 31
439 81
961 55
213 26
176 63
843 71
TestCase-58
22 2
831 0
692 16
333 37
389 68
177 95
246 27
143 3
308 15
910 33
836 30
523 80
710 12
19 24
720 16
143 34
509 52
618 88
678 56
160 21
214 85
388 64
375 23
TestCase-59
7 2
121 19
62 3
995 91
596 4
190 74
762 42
164 7
TestCase-60
9 2
476 13
341 19
843 45
847 86
640 35
738 38
383 84
528 29
481 27
TestCase-61
5 2
116 100
13 38
399 92
673 95
366 41
TestCase-62
19 2
502 47
164 83
378 5
421 13
104 25
743 51
545 4
61 23
31 62
702 28
155 2
52 40
263 39
633 51
981 28
449 33
882 53
85 55
861 61
TestCase-63
27 2
568 67
595 34
976 6
257 71
261 18
678 87
61 50
211 50
900 61
756 53
242 7
226 67
312 0
861 83
783 0
243 8
119 7
423 14
780 61
861 35
289 29
294 68
970 95
51 38
820 18
851 67
41 88
TestCase-64
24 2
770 74
380 54
315 29
900 18
756 24
460 59
237 15
746 82
194 91
847 20
982 95
86 14
104 6
281 3
970 36
36 33
953 21
41 4
470 13
361 89
254 71
491 61
954 51
146 76
TestCase-65
12 2
579 37
507 22
969 27
122 14
289 62
286 35
813 30
289 29
265 95
57 69
568 25
401 1
TestCase-66
14 2
859 66
355 40
803 85
241 32
143 26
308 22
40 98
802 77
953 34
128 36
464 6
311 21
889 0
170 88
TestCase-67
23 2
636 73
65 13
892 68
353 32
646 77
7 42
918 35
493 85
512 30
653 4
126 100
187 37
596 98
461 35
582 74
349 67
30 96
842 69
959 38
488 14
903 74
746 65
990 70
TestCase-68
15 2
208 92
242 4
429 10
403 71
769 27
801 47
740 14
441 19
649 100
605 49
804 77
294 41
579 29
830 11
530 61
TestCase-69
5 2
631 43
120 4
153 52
460 62
567 7
TestCase-70
21 2
975 82
784 60
150 54
105 41
981 22
549 97
835 79
396 25
391 64
568 64
271 86
315 96
908 59
836 31
901 76
821 78
223 42
150 78
72 91
60 4
872 72
TestCase-71
14 2
838 66
61 15
964 74
385 28
6 7
770 75
831 72
978 51
30 96
370 90
918 60
465 72
743 78
224 7
TestCase-72
7 2
971 24
246 68
209 91
707 39
392 26
133 8
543 82
TestCase-73
7 2
302 70
639 92
277 40
685 69
176 64
446 100
513 96
TestCase-74
25 2
863 24
29 4
685 12
63 5
737 13
308 22
128 47
65 5
766 48
796 17
40 10
705 88
261 47
386 29
958 56
267 0
512 66
679 84
751 7
941 80
573 57
957 64
157 35
651 28
171 77
TestCase-75
5 2
684 53
928 7
4 1
749 57
303 15
TestCase-76
21 2
580 42
629 51
168 50
652 16
489 95
874 80
72 55
625 55
496 78
336 59
6 60
137 21
965 34
994 95
93 95
940 54
757 77
88 28
501 96
564 47
558 48
TestCase-77
18 2
453 75
541 87
616 57
453 71
924 72
836 11
709 90
998 53
928 36
311 33
438 13
441 80
826 78
514 39
119 4
780 56
536 27
720 53
TestCase-78
6 2
904 10
228 63
793 41
276 11
856 93
835 84
TestCase-79
20 2
839 51
345 5
498 15
408 93
588 31
960 9
472 3
944 94
365 21
867 14
96 27
466 29
242 0
526 6
394 24
6 59
169 4
196 33
661 76
873 83
TestCase-80
9 2
232 59
900 9
554 67
983 49
141 42
782 48
927 11
461 76
481 31
TestCase-81
16 2
678 16
448 79
635 63
697 36
554 22
503 83
62 12
32 61
623 72
666 49
114 92
987 97
211 26
105 42
409 78
521 44
TestCase-82
26 2
24 82
129 84
740 20
309 30
157 70
764 90
900 40
42 55
402 77
634 10
811 46
94 82
666 56
812 32
903 85
67 19
574 20
831 90
486 0
977 47
140 73
855 56
527 32
184 18
822 59
200 93
TestCase-83
7 2
253 65
377 81
416 12
821 95
311 42
474 18
266 0
TestCase-84
7 2
966 81
114 78
311 23
645 37
217 24
675 18
591 46
TestCase-85
8 2
675 71
826 64
391 2
485 82
231 38
842 90
470 62
492 61
TestCase-86
7 2
789 92
418 5
733 89
383 16
139 92
361 79
790 72
TestCase-87
23 2
156 77
561 83
219 40
992 24
962 100
353 25
733 82
800 20
332 68
894 69
17 57
373 19
175 32
313 33
708 33
998 65
600 12
730 47
998 31
228 63
450 66
147 55
719 77
TestCase-88
9 2
468 63
522 43
414 92
760 81
244 48
776 14
806 1
163 51
358 29
TestCase-89
23 2
177 44
910 52
651 46
142 73
750 52
342 60
504 88
842 62
337 8
460 34
924 66
898 90
160 83
591 93
234 18
699 34
292 50
193 77
678 57
854 21
382 5
227 43
749 71
TestCase-90
25 2
723 77
787 99
611 23
655 59
677 12
410 48
897 22
735 15
776 7
257 25
120 44
102 10
960 73
705 34
906 4
270 28
420 25
513 10
247 40
266 17
652 7
919 27
32 18
792 55
82 39
TestCase-91
28 2
935 99
395 3
142 49
864 43
271 40
924 75
443 25
533 98
531 83
289 90
352 27
669 40
435 32
421 42
873 75
761 94
442 70
283 86
865 42
313 85
266 58
562 8
913 14
128 9
674 71
636 7
289 6
256 98
TestCase-92
22 2
238 91
635 22
515 99
59 44
618 23
786 13
826 19
764 6
916 97
321 8
173 46
11 97
290 94
307 60
669 30
747 61
690 11
42 84
480 12
779 23
357 93
91 55
TestCase-93
22 2
5 48
468 94
973 6
583 8
87 39
570 17
821 45
946 19
204 37
921 46
2 12
415 0
930 23
864 88
684 62
911 98
889 31
708 64
317 86
497 5
330 86
121 29
TestCase-94
12 2
681 70
503 41
497 80
269 98
345 37
393 2
370 13
371 100
824 83
344 98
467 6
731 100
TestCase-95
9 2
796 9
645 81
567 82
676 59
631 63
828 93
358 18
873 79
209 74
TestCase-96
8 2
995 72
564 46
950 35
505 9
278 86
80 1
245 74
108 96
TestCase-97
7 2
466 82
110 48
730 31
978 67
323 53
974 33
695 85
TestCase-98
24 2
29 75
900 36
264 81
960 16
903 56
242 1
256 7
972 87
309 88
780 94
320 95
427 4
513 78
301 64
148 60
7 51
121 42
723 32
648 62
221 77
498 27
936 79
185 79
396 16
TestCase-99
9 2
122 78
331 80
619 45
739 49
225 75
498 31
536 43
890 34
544 43
TestCase-100
9 2
483 11
186 44
941 34
130 77
22 79
506 80
9 53
580 79
554 100
TestCase-101
50 2
1 100
1 100
1 100
1 100
1 100
1 100
1 100
1 100
1 100
1 100
1 100
1 100
1 100
1 100
1 100
1 100
1 100
1 100
1 100
1 100
1 100
1 100
1 100
1 100
1 100
1 100
1 100
1 100
1 100
1 100
1 100
1 100
1 100
1 100
1 100
1 100
1 100
1 100
1 100
1 100
1 100
1 100
1 100
1 100
1 100
1 100
1 100
1 100
1 100
1 100
TestCase-102
1000 2
1 0
2 0
3 0
4 0
5 0
6 0
7 0
8 0
9 0
10 0
11 0
12 0
13 0
14 0
15 0
16 0
17 0
18 0
19 0
20 0
21 0
22 0
23 0
24 0
25 0
26 0
27 0
28 0
29 0
30 0
31 0
32 0
33 0
34 0
35 0
36 0
37 0
38 0
39 0
40 0
41 0
42 0
43 0
44 0
45 0
46 0
47 0
48 0
49 0
50 0
51 0
52 0
53 0
54 0
55 0
56 0
57 0
58 0
59 0
60 0
61 0
62 0
63 0
64 0
65 0
66 0
67 0
68 0
69 0
70 0
71 0
72 0
73 0
74 0
75 0
76 0
77 0
78 0
79 0
80 0
81 0
82 0
83 0
84 0
85 0
86 0
87 0
88 0
89 0
90 0
91 0
92 0
93 0
94 0
95 0
96 0
97 0
98 0
99 0
100 0
101 0
102 0
103 0
104 0
105 0
106 0
107 0
108 0
109 0
110 0
111 0
112 0
113 0
114 0
115 0
116 0
117 0
118 0
119 0
120 0
121 0
122 0
123 0
124 0
125 0
126 0
127 0
128 0
129 0
130 0
131 0
132 0
133 0
134 0
135 0
136 0
137 0
138 0
139 0
140 0
141 0
142 0
143 0
144 0
145 0
146 0
147 0
148 0
149 0
150 0
151 0
152 0
153 0
154 0
155 0
156 0
157 0
158 0
159 0
160 0
161 0
162 0
163 0
164 0
165 0
166 0
167 0
168 0
169 0
170 0
171 0
172 0
173 0
174 0
175 0
176 0
177 0
178 0
179 0
180 0
181 0
182 0
183 0
184 0
185 0
186 0
187 0
188 0
189 0
190 0
191 0
192 0
193 0
194 0
195 0
196 0
197 0
198 0
199 0
200 0
201 0
202 0
203 0
204 0
205 0
206 0
207 0
208 0
209 0
210 0
211 0
212 0
213 0
214 0
215 0
216 0
217 0
218 0
219 0
220 0
221 0
222 0
223 0
224 0
225 0
226 0
227 0
228 0
229 0
230 0
231 0
232 0
233 0
234 0
235 0
236 0
237 0
238 0
239 0
240 0
241 0
242 0
243 0
244 0
245 0
246 0
247 0
248 0
249 0
250 0
251 0
252 0
253 0
254 0
255 0
256 0
257 0
258 0
259 0
260 0
261 0
262 0
263 0
264 0
265 0
266 0
267 0
268 0
269 0
270 0
271 0
272 0
273 0
274 0
275 0
276 0
277 0
278 0
279 0
280 0
281 0
282 0
283 0
284 0
285 0
286 0
287 0
288 0
289 0
290 0
291 0
292 0
293 0
294 0
295 0
296 0
297 0
298 0
299 0
300 0
301 0
302 0
303 0
304 0
305 0
306 0
307 0
308 0
309 0
310 0
311 0
312 0
313 0
314 0
315 0
316 0
317 0
318 0
319 0
320 0
321 0
322 0
323 0
324 0
325 0
326 0
327 0
328 0
329 0
330 0
331 0
332 0
333 0
334 0
335 0
336 0
337 0
338 0
339 0
340 0
341 0
342 0
343 0
344 0
345 0
346 0
347 0
348 0
349 0
350 0
351 0
352 0
353 0
354 0
355 0
356 0
357 0
358 0
359 0
360 0
361 0
362 0
363 0
364 0
365 0
366 0
367 0
368 0
369 0
370 0
371 0
372 0
373 0
374 0
375 0
376 0
377 0
378 0
379 0
380 0
381 0
382 0
383 0
384 0
385 0
386 0
387 0
388 0
389 0
390 0
391 0
392 0
393 0
394 0
395 0
396 0
397 0
398 0
399 0
400 0
401 0
402 0
403 0
404 0
405 0
406 0
407 0
408 0
409 0
410 0
411 0
412 0
413 0
414 0
415 0
416 0
417 0
418 0
419 0
420 0
421 0
422 0
423 0
424 0
425 0
426 0
427 0
428 0
429 0
430 0
431 0
432 0
433 0
434 0
435 0
436 0
437 0
438 0
439 0
440 0
441 0
442 0
443 0
444 0
445 0
446 0
447 0
448 0
449 0
450 0
451 0
452 0
453 0
454 0
455 0
456 0
457 0
458 0
459 0
460 0
461 0
462 0
463 0
464 0
465 0
466 0
467 0
468 0
469 0
470 0
471 0
472 0
473 0
474 0
475 0
476 0
477 0
478 0
479 0
480 0
481 0
482 0
483 0
484 0
485 0
486 0
487 0
488 0
489 0
490 0
491 0
492 0
493 0
494 0
495 0
496 0
497 0
498 0
499 0
500 0
501 0
502 0
503 0
504 0
505 0
506 0
507 0
508 0
509 0
510 0
511 0
512 0
513 0
514 0
515 0
516 0
517 0
518 0
519 0
520 0
521 0
522 0
523 0
524 0
525 0
526 0
527 0
528 0
529 0
530 0
531 0
532 0
533 0
534 0
535 0
536 0
537 0
538 0
539 0
540 0
541 0
542 0
543 0
544 0
545 0
546 0
547 0
548 0
549 0
550 0
551 0
552 0
553 0
554 0
555 0
556 0
557 0
558 0
559 0
560 0
561 0
562 0
563 0
564 0
565 0
566 0
567 0
568 0
569 0
570 0
571 0
572 0
573 0
574 0
575 0
576 0
577 0
578 0
579 0
580 0
581 0
582 0
583 0
584 0
585 0
586 0
587 0
588 0
589 0
590 0
591 0
592 0
593 0
594 0
595 0
596 0
597 0
598 0
599 0
600 0
601 0
602 0
603 0
604 0
605 0
606 0
607 0
608 0
609 0
610 0
611 0
612 0
613 0
614 0
615 0
616 0
617 0
618 0
619 0
620 0
621 0
622 0
623 0
624 0
625 0
626 0
627 0
628 0
629 0
630 0
631 0
632 0
633 0
634 0
635 0
636 0
637 0
638 0
639 0
640 0
641 0
642 0
643 0
644 0
645 0
646 0
647 0
648 0
649 0
650 0
651 0
652 0
653 0
654 0
655 0
656 0
657 0
658 0
659 0
660 0
661 0
662 0
663 0
664 0
665 0
666 0
667 0
668 0
669 0
670 0
671 0
672 0
673 0
674 0
675 0
676 0
677 0
678 0
679 0
680 0
681 0
682 0
683 0
684 0
685 0
686 0
687 0
688 0
689 0
690 0
691 0
692 0
693 0
694 0
695 0
696 0
697 0
698 0
699 0
700 0
701 0
702 0
703 0
704 0
705 0
706 0
707 0
708 0
709 0
710 0
711 0
712 0
713 0
714 0
715 0
716 0
717 0
718 0
719 0
720 0
721 0
722 0
723 0
724 0
725 0
726 0
727 0
728 0
729 0
730 0
731 0
732 0
733 0
734 0
735 0
736 0
737 0
738 0
739 0
740 0
741 0
742 0
743 0
744 0
745 0
746 0
747 0
748 0
749 0
750 0
751 0
752 0
753 0
754 0
755 0
756 0
757 0
758 0
759 0
760 0
761 0
762 0
763 0
764 0
765 0
766 0
767 0
768 0
769 0
770 0
771 0
772 0
773 0
774 0
775 0
776 0
777 0
778 0
779 0
780 0
781 0
782 0
783 0
784 0
785 0
786 0
787 0
788 0
789 0
790 0
791 0
792 0
793 0
794 0
795 0
796 0
797 0
798 0
799 0
800 0
801 0
802 0
803 0
804 0
805 0
806 0
807 0
808 0
809 0
810 0
811 0
812 0
813 0
814 0
815 0
816 0
817 0
818 0
819 0
820 0
821 0
822 0
823 0
824 0
825 0
826 0
827 0
828 0
829 0
830 0
831 0
832 0
833 0
834 0
835 0
836 0
837 0
838 0
839 0
840 0
841 0
842 0
843 0
844 0
845 0
846 0
847 0
848 0
849 0
850 0
851 0
852 0
853 0
854 0
855 0
856 0
857 0
858 0
859 0
860 0
861 0
862 0
863 0
864 0
865 0
866 0
867 0
868 0
869 0
870 0
871 0
872 0
873 0
874 0
875 0
876 0
877 0
878 0
879 0
880 0
881 0
882 0
883 0
884 0
885 0
886 0
887 0
888 0
889 0
890 0
891 0
892 0
893 0
894 0
895 0
896 0
897 0
898 0
899 0
900 0
901 0
902 0
903 0
904 0
905 0
906 0
907 0
908 0
909 0
910 0
911 0
912 0
913 0
914 0
915 0
916 0
917 0
918 0
919 0
920 0
921 0
922 0
923 0
924 0
925 0
926 0
927 0
928 0
929 0
930 0
931 0
932 0
933 0
934 0
935 0
936 0
937 0
938 0
939 0
940 0
941 0
942 0
943 0
944 0
945 0
946 0
947 0
948 0
949 0
950 0
951 0
952 0
953 0
954 0
955 0
956 0
957 0
958 0
959 0
960 0
961 0
962 0
963 0
964 0
965 0
966 0
967 0
968 0
969 0
970 0
971 0
972 0
973 0
974 0
975 0
976 0
977 0
978 0
979 0
980 0
981 0
982 0
983 0
984 0
985 0
986 0
987 0
988 0
989 0
990 0
991 0
992 0
993 0
994 0
995 0
996 0
997 0
998 0
999 0
1000 0
TestCase-103
1000 2
1 100
2 100
3 100
4 100
5 100
6 100
7 100
8 100
9 100
10 100
11 100
12 100
13 100
14 100
15 100
16 100
17 100
18 100
19 100
20 100
21 100
22 100
23 100
24 100
25 100
26 100
27 100
28 100
29 100
30 100
31 100
32 100
33 100
34 100
35 100
36 100
37 100
38 100
39 100
40 100
41 100
42 100
43 100
44 100
45 100
46 100
47 100
48 100
49 100
50 100
51 100
52 100
53 100
54 100
55 100
56 100
57 100
58 100
59 100
60 100
61 100
62 100
63 100
64 100
65 100
66 100
67 100
68 100
69 100
70 100
71 100
72 100
73 100
74 100
75 100
76 100
77 100
78 100
79 100
80 100
81 100
82 100
83 100
84 100
85 100
86 100
87 100
88 100
89 100
90 100
91 100
92 100
93 100
94 100
95 100
96 100
97 100
98 100
99 100
100 100
101 100
102 100
103 100
104 100
105 100
106 100
107 100
108 100
109 100
110 100
111 100
112 100
113 100
114 100
115 100
116 100
117 100
118 100
119 100
120 100
121 100
122 100
123 100
124 100
125 100
126 100
127 100
128 100
129 100
130 100
131 100
132 100
133 100
134 100
135 100
136 100
137 100
138 100
139 100
140 100
141 100
142 100
143 100
144 100
145 100
146 100
147 100
148 100
149 100
150 100
151 100
152 100
153 100
154 100
155 100
156 100
157 100
158 100
159 100
160 100
161 100
162 100
163 100
164 100
165 100
166 100
167 100
168 100
169 100
170 100
171 100
172 100
173 100
174 100
175 100
176 100
177 100
178 100
179 100
180 100
181 100
182 100
183 100
184 100
185 100
186 100
187 100
188 100
189 100
190 100
191 100
192 100
193 100
194 100
195 100
196 100
197 100
198 100
199 100
200 100
201 100
202 100
203 100
204 100
205 100
206 100
207 100
208 100
209 100
210 100
211 100
212 100
213 100
214 100
215 100
216 100
217 100
218 100
219 100
220 100
221 100
222 100
223 100
224 100
225 100
226 100
227 100
228 100
229 100
230 100
231 100
232 100
233 100
234 100
235 100
236 100
237 100
238 100
239 100
240 100
241 100
242 100
243 100
244 100
245 100
246 100
247 100
248 100
249 100
250 100
251 100
252 100
253 100
254 100
255 100
256 100
257 100
258 100
259 100
260 100
261 100
262 100
263 100
264 100
265 100
266 100
267 100
268 100
269 100
270 100
271 100
272 100
273 100
274 100
275 100
276 100
277 100
278 100
279 100
280 100
281 100
282 100
283 100
284 100
285 100
286 100
287 100
288 100
289 100
290 100
291 100
292 100
293 100
294 100
295 100
296 100
297 100
298 100
299 100
300 100
301 100
302 100
303 100
304 100
305 100
306 100
307 100
308 100
309 100
310 100
311 100
312 100
313 100
314 100
315 100
316 100
317 100
318 100
319 100
320 100
321 100
322 100
323 100
324 100
325 100
326 100
327 100
328 100
329 100
330 100
331 100
332 100
333 100
334 100
335 100
336 100
337 100
338 100
339 100
340 100
341 100
342 100
343 100
344 100
345 100
346 100
347 100
348 100
349 100
350 100
351 100
352 100
353 100
354 100
355 100
356 100
357 100
358 100
359 100
360 100
361 100
362 100
363 100
364 100
365 100
366 100
367 100
368 100
369 100
370 100
371 100
372 100
373 100
374 100
375 100
376 100
377 100
378 100
379 100
380 100
381 100
382 100
383 100
384 100
385 100
386 100
387 100
388 100
389 100
390 100
391 100
392 100
393 100
394 100
395 100
396 100
397 100
398 100
399 100
400 100
401 100
402 100
403 100
404 100
405 100
406 100
407 100
408 100
409 100
410 100
411 100
412 100
413 100
414 100
415 100
416 100
417 100
418 100
419 100
420 100
421 100
422 100
423 100
424 100
425 100
426 100
427 100
428 100
429 100
430 100
431 100
432 100
433 100
434 100
435 100
436 100
437 100
438 100
439 100
440 100
441 100
442 100
443 100
444 100
445 100
446 100
447 100
448 100
449 100
450 100
451 100
452 100
453 100
454 100
455 100
456 100
457 100
458 100
459 100
460 100
461 100
462 100
463 100
464 100
465 100
466 100
467 100
468 100
469 100
470 100
471 100
472 100
473 100
474 100
475 100
476 100
477 100
478 100
479 100
480 100
481 100
482 100
483 100
484 100
485 100
486 100
487 100
488 100
489 100
490 100
491 100
492 100
493 100
494 100
495 100
496 100
497 100
498 100
499 100
500 100
501 100
502 100
503 100
504 100
505 100
506 100
507 100
508 100
509 100
510 100
511 100
512 100
513 100
514 100
515 100
516 100
517 100
518 100
519 100
520 100
521 100
522 100
523 100
524 100
525 100
526 100
527 100
528 100
529 100
530 100
531 100
532 100
533 100
534 100
535 100
536 100
537 100
538 100
539 100
540 100
541 100
542 100
543 100
544 100
545 100
546 100
547 100
548 100
549 100
550 100
551 100
552 100
553 100
554 100
555 100
556 100
557 100
558 100
559 100
560 100
561 100
562 100
563 100
564 100
565 100
566 100
567 100
568 100
569 100
570 100
571 100
572 100
573 100
574 100
575 100
576 100
577 100
578 100
579 100
580 100
581 100
582 100
583 100
584 100
585 100
586 100
587 100
588 100
589 100
590 100
591 100
592 100
593 100
594 100
595 100
596 100
597 100
598 100
599 100
600 100
601 100
602 100
603 100
604 100
605 100
606 100
607 100
608 100
609 100
610 100
611 100
612 100
613 100
614 100
615 100
616 100
617 100
618 100
619 100
620 100
621 100
622 100
623 100
624 100
625 100
626 100
627 100
628 100
629 100
630 100
631 100
632 100
633 100
634 100
635 100
636 100
637 100
638 100
639 100
640 100
641 100
642 100
643 100
644 100
645 100
646 100
647 100
648 100
649 100
650 100
651 100
652 100
653 100
654 100
655 100
656 100
657 100
658 100
659 100
660 100
661 100
662 100
663 100
664 100
665 100
666 100
667 100
668 100
669 100
670 100
671 100
672 100
673 100
674 100
675 100
676 100
677 100
678 100
679 100
680 100
681 100
682 100
683 100
684 100
685 100
686 100
687 100
688 100
689 100
690 100
691 100
692 100
693 100
694 100
695 100
696 100
697 100
698 100
699 100
700 100
701 100
702 100
703 100
704 100
705 100
706 100
707 100
708 100
709 100
710 100
711 100
712 100
713 100
714 100
715 100
716 100
717 100
718 100
719 100
720 100
721 100
722 100
723 100
724 100
725 100
726 100
727 100
728 100
729 100
730 100
731 100
732 100
733 100
734 100
735 100
736 100
737 100
738 100
739 100
740 100
741 100
742 100
743 100
744 100
745 100
746 100
747 100
748 100
749 100
750 100
751 100
752 100
753 100
754 100
755 100
756 100
757 100
758 100
759 100
760 100
761 100
762 100
763 100
764 100
765 100
766 100
767 100
768 100
769 100
770 100
771 100
772 100
773 100
774 100
775 100
776 100
777 100
778 100
779 100
780 100
781 100
782 100
783 100
784 100
785 100
786 100
787 100
788 100
789 100
790 100
791 100
792 100
793 100
794 100
795 100
796 100
797 100
798 100
799 100
800 100
801 100
802 100
803 100
804 100
805 100
806 100
807 100
808 100
809 100
810 100
811 100
812 100
813 100
814 100
815 100
816 100
817 100
818 100
819 100
820 100
821 100
822 100
823 100
824 100
825 100
826 100
827 100
828 100
829 100
830 100
831 100
832 100
833 100
834 100
835 100
836 100
837 100
838 100
839 100
840 100
841 100
842 100
843 100
844 100
845 100
846 100
847 100
848 100
849 100
850 100
851 100
852 100
853 100
854 100
855 100
856 100
857 100
858 100
859 100
860 100
861 100
862 100
863 100
864 100
865 100
866 100
867 100
868 100
869 100
870 100
871 100
872 100
873 100
874 100
875 100
876 100
877 100
878 100
879 100
880 100
881 100
882 100
883 100
884 100
885 100
886 100
887 100
888 100
889 100
890 100
891 100
892 100
893 100
894 100
895 100
896 100
897 100
898 100
899 100
900 100
901 100
902 100
903 100
904 100
905 100
906 100
907 100
908 100
909 100
910 100
911 100
912 100
913 100
914 100
915 100
916 100
917 100
918 100
919 100
920 100
921 100
922 100
923 100
924 100
925 100
926 100
927 100
928 100
929 100
930 100
931 100
932 100
933 100
934 100
935 100
936 100
937 100
938 100
939 100
940 100
941 100
942 100
943 100
944 100
945 100
946 100
947 100
948 100
949 100
950 100
951 100
952 100
953 100
954 100
955 100
956 100
957 100
958 100
959 100
960 100
961 100
962 100
963 100
964 100
965 100
966 100
967 100
968 100
969 100
970 100
971 100
972 100
973 100
974 100
975 100
976 100
977 100
978 100
979 100
980 100
981 100
982 100
983 100
984 100
985 100
986 100
987 100
988 100
989 100
990 100
991 100
992 100
993 100
994 100
995 100
996 100
997 100
998 100
999 100
1000 100
TestCase-104
50 2
1 0
1 100
1 0
1 100
1 0
1 100
1 0
1 100
1 0
1 100
1 0
1 100
1 0
1 100
1 0
1 100
1 0
1 100
1 0
1 100
1 0
1 100
1 0
1 100
1 0
1 100
1 0
1 100
1 0
1 100
1 0
1 100
1 0
1 100
1 0
1 100
1 0
1 100
1 0
1 100
1 0
1 100
1 0
1 100
1 0
1 100
1 0
1 100
1 0
1 100
TestCase-105
11 2
3 95
3 90
1 85
2 80
1 70
2 75
3 100
1 60
2 85
1 90
3 85
TestCase-106
6 2
5 100
5 98
5 99
5 97
5 96
5 95
TestCase-107
7 2
10 88
10 85
10 90
10 95
10 80
10 75
10 70
TestCase-108
5 2
8 60
8 70
8 80
8 90
8 100
