108
TestCase-1
8 2
248 17
248 51
248 1
248 46
248 4
248 21
248 41
248 19
TestCase-2
24 2
833 24
833 48
833 83
833 100
833 36
833 81
833 58
833 65
833 40
833 33
833 83
833 38
894 9
894 36
894 61
894 63
894 46
894 10
894 8
894 49
894 63
894 4
894 67
894 31
TestCase-3
9 2
445 41
445 0
445 76
445 76
445 49
445 72
445 68
445 32
445 36
TestCase-4
15 2
140 35
140 5
140 26
140 35
140 55
140 45
140 80
140 16
140 33
140 1
646 83
646 63
646 49
646 44
646 60
TestCase-5
22 2
965 4
965 31
965 10
965 52
965 41
965 40
965 47
602 27
602 12
602 0
602 54
602 74
602 99
602 26
602 75
602 54
602 20
602 53
602 4
602 34
602 2
602 54
TestCase-6
13 2
553 6
553 87
553 41
553 78
553 14
484 91
484 57
484 51
484 79
484 15
484 41
484 30
484 70
TestCase-7
21 2
920 25
920 83
920 15
920 83
920 16
920 64
920 74
920 20
920 76
920 26
920 23
920 13
226 75
226 10
226 12
226 34
226 92
226 27
226 79
226 41
226 34
TestCase-8
6 2
252 100
252 66
252 18
252 9
252 29
252 19
TestCase-9
27 2
262 70
262 48
262 45
262 49
262 0
262 86
262 77
262 16
262 74
262 97
262 48
262 76
262 84
262 44
262 75
262 49
262 50
262 92
262 30
262 41
262 24
262 34
262 52
262 43
262 77
262 89
262 38
TestCase-10
7 2
427 65
427 39
427 79
427 67
427 79
427 52
427 94
TestCase-11
28 2
71 27
71 34
71 34
71 2
71 13
71 86
71 15
71 97
71 38
71 71
71 47
71 19
258 53
258 17
258 66
258 95
258 91
849 5
849 87
849 91
849 55
849 11
849 67
849 8
849 48
849 65
849 37
849 99
TestCase-12
5 2
371 50
371 68
371 100
371 35
371 67
TestCase-13
14 2
826 11
826 52
826 84
826 85
826 50
826 4
826 31
826 56
826 88
826 94
826 52
826 4
826 81
826 10
TestCase-14
6 2
820 76
820 10
820 46
820 29
820 87
820 93
TestCase-15
12 2
419 71
419 4
419 1
419 70
419 33
419 85
419 35
419 58
419 99
419 18
419 92
419 44
TestCase-16
28 2
431 67
431 68
431 67
431 7
431 16
131 88
131 97
131 1
131 8
131 54
131 79
131 42
131 99
131 59
131 87
131 22
131 74
131 28
131 63
67 64
67 3
67 90
67 18
67 79
67 36
67 55
67 62
67 42
TestCase-17
21 2
115 85
115 92
115 40
115 6
115 57
115 59
115 12
115 40
115 56
115 46
115 83
115 29
115 30
115 34
115 7
115 29
115 14
115 34
115 59
115 61
115 99
TestCase-18
8 2
366 87
366 89
366 9
366 91
366 76
366 92
366 81
366 59
TestCase-19
14 2
741 83
741 80
741 91
741 69
741 13
741 25
741 10
741 90
741 46
741 90
741 23
741 72
741 54
741 2
TestCase-20
5 2
227 50
227 22
227 35
227 26
227 36
TestCase-21
13 2
507 10
507 10
507 18
507 73
507 43
507 21
507 40
507 79
507 52
507 77
507 1
507 50
507 39
TestCase-22
19 2
727 19
727 18
727 69
727 82
727 68
727 91
727 56
727 56
727 8
139 31
139 92
139 31
139 4
139 55
139 16
139 67
139 83
139 4
139 84
TestCase-23
25 2
432 87
432 15
432 42
432 23
432 12
432 86
432 24
432 95
432 81
432 7
432 38
432 26
432 78
432 82
432 95
432 0
432 81
432 23
432 79
432 18
432 93
432 48
432 80
432 56
432 73
TestCase-24
15 2
334 100
334 27
334 52
334 60
334 40
334 68
334 92
334 18
951 65
951 15
951 47
951 31
951 100
951 58
951 27
TestCase-25
28 2
837 31
837 53
837 24
837 76
837 12
837 66
837 42
837 0
884 76
884 6
884 37
884 20
884 21
751 46
751 19
751 16
751 10
751 92
751 25
911 37
911 39
911 10
911 51
911 78
911 7
911 42
911 16
911 50
TestCase-26
12 2
607 60
607 84
607 61
607 46
607 47
607 87
607 96
607 59
607 55
607 36
607 81
607 5
TestCase-27
16 2
307 23
307 16
307 30
307 80
307 43
307 17
307 40
307 36
307 65
307 44
842 27
842 54
842 5
842 44
842 32
842 5
TestCase-28
7 2
892 46
892 77
892 44
892 17
892 25
892 46
892 55
TestCase-29
16 2
440 30
440 0
440 80
440 85
440 9
275 36
275 39
275 65
275 52
275 86
220 62
220 93
220 17
220 22
220 8
220 48
TestCase-30
8 2
777 33
777 17
777 47
777 54
777 22
777 67
777 72
777 73
TestCase-31
28 2
875 59
875 25
875 37
875 14
875 6
875 8
875 2
875 22
875 93
257 25
257 77
257 82
257 22
257 8
257 54
257 30
257 72
257 4
580 95
580 38
580 32
580 86
580 91
580 70
580 32
580 43
580 86
580 42
TestCase-32
13 2
88 67
88 62
88 12
88 24
88 63
88 76
88 89
88 75
167 83
167 71
167 19
167 84
167 54
TestCase-33
5 2
159 31
159 66
159 50
159 14
159 72
TestCase-34
23 2
247 99
247 4
247 50
247 10
247 25
247 11
247 12
247 46
247 7
247 35
313 60
313 99
313 17
313 37
313 87
313 54
899 58
899 46
899 68
899 45
899 69
899 93
899 91
TestCase-35
8 2
8 3
8 29
8 91
8 35
8 47
8 75
8 21
8 31
TestCase-36
19 2
321 34
321 10
321 64
321 33
321 68
321 77
321 40
321 75
50 87
50 62
50 63
50 82
50 6
618 82
618 95
618 1
618 54
618 92
618 41
TestCase-37
7 2
336 53
336 39
336 22
336 81
336 75
336 37
336 6
TestCase-38
21 2
600 76
600 99
600 22
600 51
600 41
600 93
600 21
600 71
600 75
600 43
600 53
600 36
600 17
600 49
600 3
600 91
600 57
600 76
600 88
600 44
600 25
TestCase-39
17 2
467 74
467 92
467 26
467 11
467 53
467 33
467 67
467 30
467 69
467 43
6 39
6 45
6 83
6 65
6 49
6 99
6 6
TestCase-40
25 2
719 4
719 88
719 74
719 85
719 32
719 62
719 97
685 67
685 46
685 29
685 42
685 31
685 43
685 87
685 17
685 25
685 74
327 81
327 88
327 69
327 84
327 69
327 76
327 8
327 85
TestCase-41
13 2
36 40
36 55
36 26
36 44
36 80
36 95
36 70
36 16
54 0
54 40
54 89
54 60
54 37
TestCase-42
17 2
749 54
749 50
749 7
749 37
749 77
749 5
749 61
749 78
749 95
749 23
749 73
749 27
749 89
749 45
749 91
749 77
749 20
TestCase-43
16 2
20 98
20 7
20 14
20 26
20 67
20 81
20 42
20 21
20 11
20 66
20 12
20 5
20 91
20 20
20 18
20 8
TestCase-44
26 2
547 63
547 95
547 36
547 48
547 20
975 60
975 76
975 75
975 83
975 79
975 75
975 87
975 71
975 83
975 68
950 12
950 73
950 28
950 70
950 34
950 7
805 13
805 83
805 32
805 27
805 0
TestCase-45
15 2
326 28
326 78
326 37
326 20
326 97
326 7
326 12
326 88
326 52
326 31
326 6
326 91
326 92
326 96
326 93
TestCase-46
18 2
882 0
882 57
882 93
882 75
882 8
882 89
882 56
882 73
882 79
882 21
882 81
882 13
882 26
882 56
882 64
882 86
882 32
882 22
TestCase-47
19 2
817 51
817 88
817 62
817 8
817 70
817 13
817 26
817 10
817 62
817 42
817 82
296 36
296 27
296 2
296 20
296 26
296 20
296 86
296 34
TestCase-48
23 2
799 33
799 59
799 45
799 53
799 79
799 32
799 49
799 9
799 39
799 42
799 77
799 10
799 79
799 70
799 20
799 75
799 44
799 97
799 92
799 42
799 18
799 85
799 93
TestCase-49
30 2
388 2
388 42
388 25
388 100
388 67
388 28
388 82
520 8
520 79
520 84
520 96
520 73
491 99
491 57
491 27
491 23
491 1
491 3
240 0
240 43
240 83
240 87
240 96
240 45
240 0
753 65
753 91
753 25
753 66
753 80
TestCase-50
11 2
601 13
601 71
601 79
601 65
601 57
601 49
601 39
601 33
601 46
601 36
601 7
TestCase-51
24 2
303 70
303 10
303 20
303 40
303 64
303 65
303 88
303 88
303 21
649 64
649 24
649 19
649 91
649 0
649 15
649 80
649 72
649 85
649 2
152 70
152 0
152 16
152 57
152 20
TestCase-52
20 2
261 73
261 6
261 29
261 99
261 81
261 14
261 17
261 84
261 33
261 22
215 8
215 88
215 53
215 74
215 35
215 11
215 27
215 84
215 40
215 76
TestCase-53
18 2
624 36
624 21
624 81
624 65
624 52
624 31
624 28
955 86
955 22
955 40
955 2
955 26
955 35
315 86
315 91
315 48
315 69
315 86
TestCase-54
12 2
762 85
762 45
762 88
762 23
762 59
762 27
762 92
785 10
785 68
785 29
785 47
785 64
TestCase-55
5 2
74 49
74 98
74 38
74 84
74 4
TestCase-56
16 2
351 96
351 18
351 22
351 49
351 77
351 18
351 60
351 47
351 73
351 61
351 19
289 29
289 92
289 34
289 45
289 74
TestCase-57
9 2
151 55
151 22
151 92
151 52
151 24
151 27
151 49
151 86
151 34
TestCase-58
9 2
384 16
384 97
384 41
384 6
384 35
384 91
384 9
384 100
384 57
TestCase-59
19 2
286 59
286 81
286 75
286 74
286 35
286 58
286 83
286 34
286 85
286 75
286 52
286 85
286 42
286 52
286 80
286 84
286 7
286 34
286 17
TestCase-60
5 2
953 99
953 70
953 27
953 54
953 81
TestCase-61
10 2
355 3
355 44
355 17
355 8
355 42
355 37
355 18
355 59
355 22
355 88
TestCase-62
15 2
857 28
857 51
857 40
857 69
857 77
857 29
857 3
857 38
857 38
857 33
857 30
857 7
857 29
857 57
857 88
TestCase-63
16 2
187 5
187 52
187 33
187 13
187 58
187 97
187 98
187 91
187 64
187 99
187 80
187 29
187 46
187 35
187 41
187 15
TestCase-64
17 2
501 71
501 37
501 13
501 85
501 17
501 23
501 99
501 10
827 65
827 48
827 52
827 9
827 94
827 63
827 27
827 48
827 13
TestCase-65
30 2
951 54
951 54
951 40
951 98
951 98
951 13
951 97
951 30
951 44
951 16
951 94
951 59
951 29
951 77
951 22
951 81
951 88
951 88
951 80
951 37
951 91
951 10
951 72
951 59
951 33
951 44
951 41
951 64
951 87
951 93
TestCase-66
25 2
887 16
887 24
887 21
887 9
887 64
887 46
887 58
887 11
887 0
75 3
75 37
75 86
75 90
75 38
75 76
366 42
366 87
366 45
366 96
366 14
366 23
366 93
366 97
366 59
366 41
TestCase-67
7 2
230 45
230 41
230 90
230 100
230 89
230 50
230 64
TestCase-68
13 2
409 100
409 58
409 52
409 28
409 32
409 64
409 50
409 38
409 19
409 84
409 65
409 9
409 68
TestCase-69
19 2
96 79
96 14
96 58
96 10
96 61
96 71
350 15
350 20
350 63
350 25
350 42
350 19
350 69
350 27
692 16
692 70
692 39
692 76
692 7
TestCase-70
5 2
889 11
889 84
889 44
889 39
889 12
TestCase-71
7 2
402 20
402 10
402 43
402 75
402 27
402 45
402 36
TestCase-72
14 2
828 92
828 89
828 53
828 37
828 58
135 95
135 70
135 92
135 19
135 67
135 10
135 91
135 67
135 10
TestCase-73
23 2
202 28
202 19
202 32
202 95
202 48
202 59
202 5
324 70
324 18
324 87
324 60
324 40
324 47
324 57
324 82
867 38
867 84
867 40
867 74
867 9
867 69
867 63
867 79
TestCase-74
18 2
408 18
408 46
408 46
408 14
408 72
408 73
408 33
408 2
408 88
408 38
408 75
408 57
408 14
408 100
408 23
408 72
408 43
408 14
TestCase-75
7 2
948 33
948 11
948 92
948 89
948 17
948 9
948 27
TestCase-76
22 2
84 100
84 80
84 5
84 57
84 26
84 81
84 81
84 100
84 44
84 19
84 36
84 61
84 10
84 12
103 1
103 24
103 87
103 82
103 73
103 2
103 5
103 87
TestCase-77
17 2
996 33
996 7
996 24
996 2
996 1
996 89
996 68
406 97
406 67
406 3
406 54
406 16
136 74
136 91
136 45
136 40
136 41
TestCase-78
11 2
941 23
941 12
941 29
941 67
941 11
941 83
477 31
477 44
477 92
477 40
477 27
TestCase-79
17 2
289 86
289 45
289 13
289 33
289 36
289 22
289 46
289 18
587 26
587 58
587 2
587 59
587 57
587 19
587 87
587 6
587 38
TestCase-80
20 2
966 66
966 93
966 2
966 96
966 70
966 39
160 92
160 10
160 71
160 53
160 12
160 77
160 81
160 2
160 45
398 33
398 6
398 63
398 47
398 100
TestCase-81
25 2
442 26
442 80
442 49
442 71
442 65
442 4
750 48
750 17
750 52
750 27
750 36
750 56
750 72
124 71
124 78
124 45
124 59
124 72
124 31
124 14
644 57
644 88
644 8
644 16
644 35
TestCase-82
25 2
818 4
818 38
818 30
818 1
818 3
818 74
330 46
330 53
330 15
330 91
330 87
330 7
330 76
330 98
330 46
330 46
330 14
714 75
714 25
714 56
714 46
714 72
714 97
714 31
714 45
TestCase-83
24 2
528 56
528 36
528 4
528 80
528 80
528 78
528 39
528 100
528 22
528 79
528 76
528 7
528 23
528 43
528 60
528 85
528 20
528 91
528 35
528 46
528 87
528 33
528 55
528 54
TestCase-84
24 2
397 35
397 95
397 30
397 66
397 3
397 15
397 9
397 84
397 9
397 80
397 71
397 90
397 41
397 50
397 9
397 89
397 97
397 54
397 76
397 54
397 71
397 69
397 15
397 98
TestCase-85
23 2
86 96
86 49
86 26
86 91
86 100
86 7
86 65
86 59
86 73
86 7
86 56
86 78
337 51
337 65
337 81
337 6
337 24
337 20
337 98
337 57
337 14
337 36
337 30
TestCase-86
9 2
514 55
514 50
514 23
514 58
514 43
514 84
514 88
514 74
514 31
TestCase-87
13 2
322 97
322 57
322 82
322 41
322 47
322 17
322 28
322 52
675 53
675 59
675 7
675 32
675 35
TestCase-88
23 2
498 59
498 74
498 88
498 45
498 63
498 81
636 90
636 68
636 80
636 68
636 59
636 12
422 93
422 94
422 95
422 40
422 64
105 78
105 9
105 98
105 43
105 24
105 72
TestCase-89
16 2
977 61
977 75
977 67
977 58
977 7
185 45
185 15
185 4
185 31
185 11
185 73
978 56
978 36
978 30
978 58
978 27
TestCase-90
14 2
16 14
16 32
16 52
16 97
16 25
16 5
16 8
721 76
721 91
721 94
721 77
721 97
721 17
721 91
TestCase-91
22 2
642 54
642 58
642 37
642 30
642 45
642 40
642 65
642 38
642 9
642 28
642 34
642 83
642 72
642 5
642 27
642 77
642 57
642 56
642 46
642 82
642 2
642 2
TestCase-92
21 2
610 0
610 4
610 87
610 28
610 42
610 33
610 15
610 76
782 69
782 63
782 75
782 26
782 57
782 23
651 94
651 88
651 70
651 74
651 30
651 93
651 97
TestCase-93
21 2
538 56
538 73
538 30
538 40
538 10
538 48
538 14
538 39
538 52
538 92
538 36
538 54
538 32
538 87
538 68
538 44
538 38
538 85
538 84
538 57
538 93
TestCase-94
8 2
235 43
235 95
235 10
235 41
235 94
235 14
235 9
235 52
TestCase-95
18 2
656 43
656 36
656 64
656 23
656 19
656 61
298 80
298 65
298 40
298 34
298 33
298 86
476 13
476 57
476 69
476 27
476 84
476 14
TestCase-96
8 2
460 63
460 62
460 85
460 23
460 70
460 3
460 44
460 73
TestCase-97
35 2
589 79
589 31
589 22
589 12
589 29
589 65
589 83
589 59
589 97
745 81
745 9
745 14
745 95
745 32
445 31
445 7
445 38
445 9
445 10
93 53
93 49
93 61
93 7
93 62
93 98
522 9
522 69
522 15
522 24
522 66
471 92
471 88
471 88
471 35
471 78
TestCase-98
24 2
90 9
90 4
90 76
90 55
90 52
319 81
319 8
319 38
319 36
319 27
319 53
319 1
805 30
805 13
805 1
805 82
805 94
805 95
805 72
255 38
255 43
255 92
255 86
255 1
TestCase-99
24 2
377 31
377 97
377 71
377 6
377 56
377 95
377 50
377 28
636 15
636 65
636 12
636 98
636 91
517 5
517 49
517 23
517 78
517 62
559 13
559 48
559 73
559 42
559 51
559 5
TestCase-100
13 2
885 90
885 82
885 4
885 34
885 0
885 18
885 44
885 53
885 6
885 11
885 25
885 41
885 3
TestCase-101
50 2
1 100
1 100
1 100
1 100
1 100
1 100
1 100
1 100
1 100
1 100
1 100
1 100
1 100
1 100
1 100
1 100
1 100
1 100
1 100
1 100
1 100
1 100
1 100
1 100
1 100
1 100
1 100
1 100
1 100
1 100
1 100
1 100
1 100
1 100
1 100
1 100
1 100
1 100
1 100
1 100
1 100
1 100
1 100
1 100
1 100
1 100
1 100
1 100
1 100
1 100
TestCase-102
1000 2
1 0
1 0
1 0
1 0
1 0
2 0
2 0
2 0
2 0
2 0
3 0
3 0
3 0
3 0
3 0
4 0
4 0
4 0
4 0
4 0
5 0
5 0
5 0
5 0
5 0
6 0
6 0
6 0
6 0
6 0
7 0
7 0
7 0
7 0
7 0
8 0
8 0
8 0
8 0
8 0
9 0
9 0
9 0
9 0
9 0
10 0
10 0
10 0
10 0
10 0
11 0
11 0
11 0
11 0
11 0
12 0
12 0
12 0
12 0
12 0
13 0
13 0
13 0
13 0
13 0
14 0
14 0
14 0
14 0
14 0
15 0
15 0
15 0
15 0
15 0
16 0
16 0
16 0
16 0
16 0
17 0
17 0
17 0
17 0
17 0
18 0
18 0
18 0
18 0
18 0
19 0
19 0
19 0
19 0
19 0
20 0
20 0
20 0
20 0
20 0
21 0
21 0
21 0
21 0
21 0
22 0
22 0
22 0
22 0
22 0
23 0
23 0
23 0
23 0
23 0
24 0
24 0
24 0
24 0
24 0
25 0
25 0
25 0
25 0
25 0
26 0
26 0
26 0
26 0
26 0
27 0
27 0
27 0
27 0
27 0
28 0
28 0
28 0
28 0
28 0
29 0
29 0
29 0
29 0
29 0
30 0
30 0
30 0
30 0
30 0
31 0
31 0
31 0
31 0
31 0
32 0
32 0
32 0
32 0
32 0
33 0
33 0
33 0
33 0
33 0
34 0
34 0
34 0
34 0
34 0
35 0
35 0
35 0
35 0
35 0
36 0
36 0
36 0
36 0
36 0
37 0
37 0
37 0
37 0
37 0
38 0
38 0
38 0
38 0
38 0
39 0
39 0
39 0
39 0
39 0
40 0
40 0
40 0
40 0
40 0
41 0
41 0
41 0
41 0
41 0
42 0
42 0
42 0
42 0
42 0
43 0
43 0
43 0
43 0
43 0
44 0
44 0
44 0
44 0
44 0
45 0
45 0
45 0
45 0
45 0
46 0
46 0
46 0
46 0
46 0
47 0
47 0
47 0
47 0
47 0
48 0
48 0
48 0
48 0
48 0
49 0
49 0
49 0
49 0
49 0
50 0
50 0
50 0
50 0
50 0
51 0
51 0
51 0
51 0
51 0
52 0
52 0
52 0
52 0
52 0
53 0
53 0
53 0
53 0
53 0
54 0
54 0
54 0
54 0
54 0
55 0
55 0
55 0
55 0
55 0
56 0
56 0
56 0
56 0
56 0
57 0
57 0
57 0
57 0
57 0
58 0
58 0
58 0
58 0
58 0
59 0
59 0
59 0
59 0
59 0
60 0
60 0
60 0
60 0
60 0
61 0
61 0
61 0
61 0
61 0
62 0
62 0
62 0
62 0
62 0
63 0
63 0
63 0
63 0
63 0
64 0
64 0
64 0
64 0
64 0
65 0
65 0
65 0
65 0
65 0
66 0
66 0
66 0
66 0
66 0
67 0
67 0
67 0
67 0
67 0
68 0
68 0
68 0
68 0
68 0
69 0
69 0
69 0
69 0
69 0
70 0
70 0
70 0
70 0
70 0
71 0
71 0
71 0
71 0
71 0
72 0
72 0
72 0
72 0
72 0
73 0
73 0
73 0
73 0
73 0
74 0
74 0
74 0
74 0
74 0
75 0
75 0
75 0
75 0
75 0
76 0
76 0
76 0
76 0
76 0
77 0
77 0
77 0
77 0
77 0
78 0
78 0
78 0
78 0
78 0
79 0
79 0
79 0
79 0
79 0
80 0
80 0
80 0
80 0
80 0
81 0
81 0
81 0
81 0
81 0
82 0
82 0
82 0
82 0
82 0
83 0
83 0
83 0
83 0
83 0
84 0
84 0
84 0
84 0
84 0
85 0
85 0
85 0
85 0
85 0
86 0
86 0
86 0
86 0
86 0
87 0
87 0
87 0
87 0
87 0
88 0
88 0
88 0
88 0
88 0
89 0
89 0
89 0
89 0
89 0
90 0
90 0
90 0
90 0
90 0
91 0
91 0
91 0
91 0
91 0
92 0
92 0
92 0
92 0
92 0
93 0
93 0
93 0
93 0
93 0
94 0
94 0
94 0
94 0
94 0
95 0
95 0
95 0
95 0
95 0
96 0
96 0
96 0
96 0
96 0
97 0
97 0
97 0
97 0
97 0
98 0
98 0
98 0
98 0
98 0
99 0
99 0
99 0
99 0
99 0
100 0
100 0
100 0
100 0
100 0
101 0
101 0
101 0
101 0
101 0
102 0
102 0
102 0
102 0
102 0
103 0
103 0
103 0
103 0
103 0
104 0
104 0
104 0
104 0
104 0
105 0
105 0
105 0
105 0
105 0
106 0
106 0
106 0
106 0
106 0
107 0
107 0
107 0
107 0
107 0
108 0
108 0
108 0
108 0
108 0
109 0
109 0
109 0
109 0
109 0
110 0
110 0
110 0
110 0
110 0
111 0
111 0
111 0
111 0
111 0
112 0
112 0
112 0
112 0
112 0
113 0
113 0
113 0
113 0
113 0
114 0
114 0
114 0
114 0
114 0
115 0
115 0
115 0
115 0
115 0
116 0
116 0
116 0
116 0
116 0
117 0
117 0
117 0
117 0
117 0
118 0
118 0
118 0
118 0
118 0
119 0
119 0
119 0
119 0
119 0
120 0
120 0
120 0
120 0
120 0
121 0
121 0
121 0
121 0
121 0
122 0
122 0
122 0
122 0
122 0
123 0
123 0
123 0
123 0
123 0
124 0
124 0
124 0
124 0
124 0
125 0
125 0
125 0
125 0
125 0
126 0
126 0
126 0
126 0
126 0
127 0
127 0
127 0
127 0
127 0
128 0
128 0
128 0
128 0
128 0
129 0
129 0
129 0
129 0
129 0
130 0
130 0
130 0
130 0
130 0
131 0
131 0
131 0
131 0
131 0
132 0
132 0
132 0
132 0
132 0
133 0
133 0
133 0
133 0
133 0
134 0
134 0
134 0
134 0
134 0
135 0
135 0
135 0
135 0
135 0
136 0
136 0
136 0
136 0
136 0
137 0
137 0
137 0
137 0
137 0
138 0
138 0
138 0
138 0
138 0
139 0
139 0
139 0
139 0
139 0
140 0
140 0
140 0
140 0
140 0
141 0
141 0
141 0
141 0
141 0
142 0
142 0
142 0
142 0
142 0
143 0
143 0
143 0
143 0
143 0
144 0
144 0
144 0
144 0
144 0
145 0
145 0
145 0
145 0
145 0
146 0
146 0
146 0
146 0
146 0
147 0
147 0
147 0
147 0
147 0
148 0
148 0
148 0
148 0
148 0
149 0
149 0
149 0
149 0
149 0
150 0
150 0
150 0
150 0
150 0
151 0
151 0
151 0
151 0
151 0
152 0
152 0
152 0
152 0
152 0
153 0
153 0
153 0
153 0
153 0
154 0
154 0
154 0
154 0
154 0
155 0
155 0
155 0
155 0
155 0
156 0
156 0
156 0
156 0
156 0
157 0
157 0
157 0
157 0
157 0
158 0
158 0
158 0
158 0
158 0
159 0
159 0
159 0
159 0
159 0
160 0
160 0
160 0
160 0
160 0
161 0
161 0
161 0
161 0
161 0
162 0
162 0
162 0
162 0
162 0
163 0
163 0
163 0
163 0
163 0
164 0
164 0
164 0
164 0
164 0
165 0
165 0
165 0
165 0
165 0
166 0
166 0
166 0
166 0
166 0
167 0
167 0
167 0
167 0
167 0
168 0
168 0
168 0
168 0
168 0
169 0
169 0
169 0
169 0
169 0
170 0
170 0
170 0
170 0
170 0
171 0
171 0
171 0
171 0
171 0
172 0
172 0
172 0
172 0
172 0
173 0
173 0
173 0
173 0
173 0
174 0
174 0
174 0
174 0
174 0
175 0
175 0
175 0
175 0
175 0
176 0
176 0
176 0
176 0
176 0
177 0
177 0
177 0
177 0
177 0
178 0
178 0
178 0
178 0
178 0
179 0
179 0
179 0
179 0
179 0
180 0
180 0
180 0
180 0
180 0
181 0
181 0
181 0
181 0
181 0
182 0
182 0
182 0
182 0
182 0
183 0
183 0
183 0
183 0
183 0
184 0
184 0
184 0
184 0
184 0
185 0
185 0
185 0
185 0
185 0
186 0
186 0
186 0
186 0
186 0
187 0
187 0
187 0
187 0
187 0
188 0
188 0
188 0
188 0
188 0
189 0
189 0
189 0
189 0
189 0
190 0
190 0
190 0
190 0
190 0
191 0
191 0
191 0
191 0
191 0
192 0
192 0
192 0
192 0
192 0
193 0
193 0
193 0
193 0
193 0
194 0
194 0
194 0
194 0
194 0
195 0
195 0
195 0
195 0
195 0
196 0
196 0
196 0
196 0
196 0
197 0
197 0
197 0
197 0
197 0
198 0
198 0
198 0
198 0
198 0
199 0
199 0
199 0
199 0
199 0
200 0
200 0
200 0
200 0
200 0
TestCase-103
1000 2
1 100
1 100
1 100
1 100
1 100
2 100
2 100
2 100
2 100
2 100
3 100
3 100
3 100
3 100
3 100
4 100
4 100
4 100
4 100
4 100
5 100
5 100
5 100
5 100
5 100
6 100
6 100
6 100
6 100
6 100
7 100
7 100
7 100
7 100
7 100
8 100
8 100
8 100
8 100
8 100
9 100
9 100
9 100
9 100
9 100
10 100
10 100
10 100
10 100
10 100
11 100
11 100
11 100
11 100
11 100
12 100
12 100
12 100
12 100
12 100
13 100
13 100
13 100
13 100
13 100
14 100
14 100
14 100
14 100
14 100
15 100
15 100
15 100
15 100
15 100
16 100
16 100
16 100
16 100
16 100
17 100
17 100
17 100
17 100
17 100
18 100
18 100
18 100
18 100
18 100
19 100
19 100
19 100
19 100
19 100
20 100
20 100
20 100
20 100
20 100
21 100
21 100
21 100
21 100
21 100
22 100
22 100
22 100
22 100
22 100
23 100
23 100
23 100
23 100
23 100
24 100
24 100
24 100
24 100
24 100
25 100
25 100
25 100
25 100
25 100
26 100
26 100
26 100
26 100
26 100
27 100
27 100
27 100
27 100
27 100
28 100
28 100
28 100
28 100
28 100
29 100
29 100
29 100
29 100
29 100
30 100
30 100
30 100
30 100
30 100
31 100
31 100
31 100
31 100
31 100
32 100
32 100
32 100
32 100
32 100
33 100
33 100
33 100
33 100
33 100
34 100
34 100
34 100
34 100
34 100
35 100
35 100
35 100
35 100
35 100
36 100
36 100
36 100
36 100
36 100
37 100
37 100
37 100
37 100
37 100
38 100
38 100
38 100
38 100
38 100
39 100
39 100
39 100
39 100
39 100
40 100
40 100
40 100
40 100
40 100
41 100
41 100
41 100
41 100
41 100
42 100
42 100
42 100
42 100
42 100
43 100
43 100
43 100
43 100
43 100
44 100
44 100
44 100
44 100
44 100
45 100
45 100
45 100
45 100
45 100
46 100
46 100
46 100
46 100
46 100
47 100
47 100
47 100
47 100
47 100
48 100
48 100
48 100
48 100
48 100
49 100
49 100
49 100
49 100
49 100
50 100
50 100
50 100
50 100
50 100
51 100
51 100
51 100
51 100
51 100
52 100
52 100
52 100
52 100
52 100
53 100
53 100
53 100
53 100
53 100
54 100
54 100
54 100
54 100
54 100
55 100
55 100
55 100
55 100
55 100
56 100
56 100
56 100
56 100
56 100
57 100
57 100
57 100
57 100
57 100
58 100
58 100
58 100
58 100
58 100
59 100
59 100
59 100
59 100
59 100
60 100
60 100
60 100
60 100
60 100
61 100
61 100
61 100
61 100
61 100
62 100
62 100
62 100
62 100
62 100
63 100
63 100
63 100
63 100
63 100
64 100
64 100
64 100
64 100
64 100
65 100
65 100
65 100
65 100
65 100
66 100
66 100
66 100
66 100
66 100
67 100
67 100
67 100
67 100
67 100
68 100
68 100
68 100
68 100
68 100
69 100
69 100
69 100
69 100
69 100
70 100
70 100
70 100
70 100
70 100
71 100
71 100
71 100
71 100
71 100
72 100
72 100
72 100
72 100
72 100
73 100
73 100
73 100
73 100
73 100
74 100
74 100
74 100
74 100
74 100
75 100
75 100
75 100
75 100
75 100
76 100
76 100
76 100
76 100
76 100
77 100
77 100
77 100
77 100
77 100
78 100
78 100
78 100
78 100
78 100
79 100
79 100
79 100
79 100
79 100
80 100
80 100
80 100
80 100
80 100
81 100
81 100
81 100
81 100
81 100
82 100
82 100
82 100
82 100
82 100
83 100
83 100
83 100
83 100
83 100
84 100
84 100
84 100
84 100
84 100
85 100
85 100
85 100
85 100
85 100
86 100
86 100
86 100
86 100
86 100
87 100
87 100
87 100
87 100
87 100
88 100
88 100
88 100
88 100
88 100
89 100
89 100
89 100
89 100
89 100
90 100
90 100
90 100
90 100
90 100
91 100
91 100
91 100
91 100
91 100
92 100
92 100
92 100
92 100
92 100
93 100
93 100
93 100
93 100
93 100
94 100
94 100
94 100
94 100
94 100
95 100
95 100
95 100
95 100
95 100
96 100
96 100
96 100
96 100
96 100
97 100
97 100
97 100
97 100
97 100
98 100
98 100
98 100
98 100
98 100
99 100
99 100
99 100
99 100
99 100
100 100
100 100
100 100
100 100
100 100
101 100
101 100
101 100
101 100
101 100
102 100
102 100
102 100
102 100
102 100
103 100
103 100
103 100
103 100
103 100
104 100
104 100
104 100
104 100
104 100
105 100
105 100
105 100
105 100
105 100
106 100
106 100
106 100
106 100
106 100
107 100
107 100
107 100
107 100
107 100
108 100
108 100
108 100
108 100
108 100
109 100
109 100
109 100
109 100
109 100
110 100
110 100
110 100
110 100
110 100
111 100
111 100
111 100
111 100
111 100
112 100
112 100
112 100
112 100
112 100
113 100
113 100
113 100
113 100
113 100
114 100
114 100
114 100
114 100
114 100
115 100
115 100
115 100
115 100
115 100
116 100
116 100
116 100
116 100
116 100
117 100
117 100
117 100
117 100
117 100
118 100
118 100
118 100
118 100
118 100
119 100
119 100
119 100
119 100
119 100
120 100
120 100
120 100
120 100
120 100
121 100
121 100
121 100
121 100
121 100
122 100
122 100
122 100
122 100
122 100
123 100
123 100
123 100
123 100
123 100
124 100
124 100
124 100
124 100
124 100
125 100
125 100
125 100
125 100
125 100
126 100
126 100
126 100
126 100
126 100
127 100
127 100
127 100
127 100
127 100
128 100
128 100
128 100
128 100
128 100
129 100
129 100
129 100
129 100
129 100
130 100
130 100
130 100
130 100
130 100
131 100
131 100
131 100
131 100
131 100
132 100
132 100
132 100
132 100
132 100
133 100
133 100
133 100
133 100
133 100
134 100
134 100
134 100
134 100
134 100
135 100
135 100
135 100
135 100
135 100
136 100
136 100
136 100
136 100
136 100
137 100
137 100
137 100
137 100
137 100
138 100
138 100
138 100
138 100
138 100
139 100
139 100
139 100
139 100
139 100
140 100
140 100
140 100
140 100
140 100
141 100
141 100
141 100
141 100
141 100
142 100
142 100
142 100
142 100
142 100
143 100
143 100
143 100
143 100
143 100
144 100
144 100
144 100
144 100
144 100
145 100
145 100
145 100
145 100
145 100
146 100
146 100
146 100
146 100
146 100
147 100
147 100
147 100
147 100
147 100
148 100
148 100
148 100
148 100
148 100
149 100
149 100
149 100
149 100
149 100
150 100
150 100
150 100
150 100
150 100
151 100
151 100
151 100
151 100
151 100
152 100
152 100
152 100
152 100
152 100
153 100
153 100
153 100
153 100
153 100
154 100
154 100
154 100
154 100
154 100
155 100
155 100
155 100
155 100
155 100
156 100
156 100
156 100
156 100
156 100
157 100
157 100
157 100
157 100
157 100
158 100
158 100
158 100
158 100
158 100
159 100
159 100
159 100
159 100
159 100
160 100
160 100
160 100
160 100
160 100
161 100
161 100
161 100
161 100
161 100
162 100
162 100
162 100
162 100
162 100
163 100
163 100
163 100
163 100
163 100
164 100
164 100
164 100
164 100
164 100
165 100
165 100
165 100
165 100
165 100
166 100
166 100
166 100
166 100
166 100
167 100
167 100
167 100
167 100
167 100
168 100
168 100
168 100
168 100
168 100
169 100
169 100
169 100
169 100
169 100
170 100
170 100
170 100
170 100
170 100
171 100
171 100
171 100
171 100
171 100
172 100
172 100
172 100
172 100
172 100
173 100
173 100
173 100
173 100
173 100
174 100
174 100
174 100
174 100
174 100
175 100
175 100
175 100
175 100
175 100
176 100
176 100
176 100
176 100
176 100
177 100
177 100
177 100
177 100
177 100
178 100
178 100
178 100
178 100
178 100
179 100
179 100
179 100
179 100
179 100
180 100
180 100
180 100
180 100
180 100
181 100
181 100
181 100
181 100
181 100
182 100
182 100
182 100
182 100
182 100
183 100
183 100
183 100
183 100
183 100
184 100
184 100
184 100
184 100
184 100
185 100
185 100
185 100
185 100
185 100
186 100
186 100
186 100
186 100
186 100
187 100
187 100
187 100
187 100
187 100
188 100
188 100
188 100
188 100
188 100
189 100
189 100
189 100
189 100
189 100
190 100
190 100
190 100
190 100
190 100
191 100
191 100
191 100
191 100
191 100
192 100
192 100
192 100
192 100
192 100
193 100
193 100
193 100
193 100
193 100
194 100
194 100
194 100
194 100
194 100
195 100
195 100
195 100
195 100
195 100
196 100
196 100
196 100
196 100
196 100
197 100
197 100
197 100
197 100
197 100
198 100
198 100
198 100
198 100
198 100
199 100
199 100
199 100
199 100
199 100
200 100
200 100
200 100
200 100
200 100
TestCase-104
50 2
1 0
1 100
1 0
1 100
1 0
1 100
1 0
1 100
1 0
1 100
1 0
1 100
1 0
1 100
1 0
1 100
1 0
1 100
1 0
1 100
1 0
1 100
1 0
1 100
1 0
1 100
1 0
1 100
1 0
1 100
1 0
1 100
1 0
1 100
1 0
1 100
1 0
1 100
1 0
1 100
1 0
1 100
1 0
1 100
1 0
1 100
1 0
1 100
1 0
1 100
TestCase-105
15 2
3 95
3 90
1 85
2 80
1 70
2 75
3 100
1 60
2 85
1 90
3 85
2 78
1 77
3 88
2 79
TestCase-106
6 2
5 100
5 98
5 99
5 97
5 96
5 95
TestCase-107
7 2
10 88
10 85
10 90
10 95
10 80
10 75
10 70
TestCase-108
5 2
8 60
8 70
8 80
8 90
8 100
