110
TestCase-1
98
6 89 27 27 73 32 68 61 67 37 57 46 84 15 22 88 15 9 53 34 51 98 75 41 78 45 51 52 53 16 39 88 60 69 19 45 47 84 91 81 20 28 17 6 22 21 6 97 24 43 31 69 97 85 65 27 46 68 53 73 91 16 36 19 52 64 26 100 91 42 64 7 63 91 38 6 51 73 40 48 87 76 17 73 5 79 49 29 13 32 12 80 22 36 92 2 52 92
TestCase-2
50
11 76 74 37 44 82 79 77 61 2 96 21 82 81 51 9 18 27 18 82 45 17 17 67 37 65 83 81 72 51 15 54 52 58 35 23 56 13 91 31 65 40 60 30 89 88 71 55 21 8
TestCase-3
3
95 86 25
TestCase-4
15
2 78 17 41 11 66 53 71 12 7 21 62 6 30 57
TestCase-5
71
51 94 8 15 64 43 7 69 52 57 99 3 44 50 66 81 23 62 2 63 100 50 90 34 80 80 55 53 47 4 89 36 79 15 38 70 96 54 28 28 79 80 66 3 16 61 13 83 61 93 81 7 80 75 30 16 85 89 29 44 46 59 49 27 95 35 26 40 17 81 75
TestCase-6
83
94 92 19 44 27 56 42 35 63 88 71 56 73 62 75 13 85 20 84 45 52 40 65 69 52 68 19 30 59 51 21 47 58 87 31 54 67 81 66 29 32 2 88 86 82 70 71 50 25 94 30 9 8 62 37 81 70 84 88 20 17 58 77 69 1 92 90 13 61 2 67 18 91 71 14 10 40 60 58 31 69 49 39
TestCase-7
75
43 62 1 19 42 84 100 76 33 36 9 7 68 12 39 81 91 96 42 6 56 83 10 23 37 98 1 61 14 87 24 5 41 75 56 39 56 7 50 30 32 93 31 40 90 74 97 10 18 80 95 82 43 82 19 74 31 8 7 16 44 8 84 61 43 64 100 44 92 61 79 65 19 82 28
TestCase-8
70
67 85 59 10 62 15 1 32 15 69 54 88 65 6 74 60 72 84 12 22 24 4 91 58 92 25 91 90 65 74 13 77 25 69 49 33 77 4 88 96 81 21 35 81 93 58 98 8 7 73 81 69 44 55 82 43 61 92 73 88 4 76 39 53 71 34 14 31 67 20
TestCase-9
93
43 70 51 54 85 14 50 98 3 73 60 36 5 79 68 47 25 35 50 33 36 5 8 77 71 69 63 69 40 82 63 15 82 57 17 30 89 58 15 22 26 51 26 23 44 81 43 93 5 49 6 53 42 97 97 10 44 82 80 5 56 87 10 14 26 78 5 64 81 26 96 47 4 33 48 35 21 13 88 12 24 51 62 100 36 14 25 86 3 57 100 48 12
TestCase-10
23
33 72 18 42 36 6 16 66 97 29 67 13 43 37 4 9 79 37 43 73 48 100 47
TestCase-11
31
65 46 65 95 67 98 58 75 67 68 29 37 7 31 33 65 9 71 13 36 100 99 99 89 17 69 89 31 57 76 42
TestCase-12
35
95 15 60 12 68 81 7 52 1 26 84 14 100 88 18 8 100 60 98 76 87 37 94 60 99 57 65 21 72 36 72 66 54 60 8
TestCase-13
47
93 29 49 98 21 76 78 56 67 84 36 54 11 55 29 29 12 21 1 22 4 2 45 60 8 97 91 77 32 74 73 87 1 94 17 95 83 21 4 10 3 61 2 10 53 81 63
TestCase-14
98
58 91 28 99 96 98 66 96 47 54 92 72 12 59 64 11 56 45 86 39 14 29 42 66 84 25 22 39 98 69 59 27 59 68 79 54 64 16 90 1 61 47 76 62 32 38 78 70 93 90 95 7 82 65 83 32 43 28 68 98 54 55 90 89 59 83 13 2 21 79 31 60 56 54 10 1 71 19 71 9 4 94 60 27 12 100 45 1 35 59 24 54 49 50 94 11 84 90
TestCase-15
46
13 2 6 42 86 19 77 19 78 51 19 95 98 56 14 41 63 12 43 9 2 60 24 36 18 52 14 3 90 71 81 20 66 54 89 5 81 23 14 3 5 86 40 40 4 8
TestCase-16
4
51 70 42 73
TestCase-17
47
82 98 10 60 70 64 93 56 86 24 75 29 28 45 17 1 16 17 85 9 68 50 12 59 5 53 28 78 26 80 76 94 16 75 8 66 52 50 95 6 94 75 98 48 97 100 62
TestCase-18
58
42 13 2 38 8 20 88 83 52 61 57 96 68 55 98 92 19 27 3 65 23 67 22 97 68 22 47 64 6 69 100 70 54 3 53 29 43 55 100 10 68 20 42 86 96 29 56 60 30 94 15 35 72 16 34 42 24 58
TestCase-19
98
88 88 49 10 100 37 58 76 62 9 36 47 52 78 9 90 6 18 85 91 72 10 3 21 90 4 14 92 17 80 32 6 16 61 36 5 31 47 49 19 33 87 80 37 18 72 28 70 84 84 90 32 10 94 19 71 68 3 40 26 100 65 32 4 59 41 94 67 21 89 92 10 48 19 5 44 8 49 5 31 92 99 89 62 89 54 57 61 28 44 73 57 62 64 8 32 28 57
TestCase-20
91
2 37 90 43 77 78 46 65 95 98 59 15 49 65 21 9 13 92 28 1 5 70 40 16 78 11 66 38 22 43 17 64 44 36 43 18 80 76 18 18 55 17 26 56 86 20 46 72 45 56 79 44 14 48 50 47 60 10 32 33 64 91 1 79 68 64 89 81 78 96 98 34 96 19 13 8 43 70 10 38 24 29 98 25 45 76 43 79 70 100 87
TestCase-21
72
15 47 7 75 95 86 7 32 36 27 80 64 7 81 33 64 25 61 46 33 27 37 48 80 17 55 45 84 3 87 94 73 6 94 94 75 76 83 74 42 57 57 32 29 72 59 49 28 63 24 82 36 100 28 94 8 59 24 53 59 56 46 60 7 52 19 26 68 97 38 75 10
TestCase-22
60
79 26 76 91 4 17 60 46 94 52 63 87 3 60 19 32 73 90 75 78 14 49 84 27 87 41 62 70 85 70 83 24 12 20 11 87 41 86 48 73 94 34 24 31 67 9 39 3 81 30 15 6 100 58 96 71 100 38 50 49
TestCase-23
33
42 96 10 93 6 44 31 86 61 6 11 94 46 2 74 22 22 60 80 75 49 40 42 17 5 48 99 33 1 47 97 78 2
TestCase-24
30
38 93 13 68 19 69 15 83 27 89 68 96 76 54 62 60 6 43 24 64 48 41 95 14 3 49 14 64 83 38
TestCase-25
44
1 77 97 22 18 79 99 35 16 39 58 98 48 26 42 7 64 74 79 18 90 14 70 2 88 47 10 58 26 45 87 75 87 8 50 5 14 50 30 89 35 2 33 74
TestCase-26
51
39 5 35 70 10 45 49 36 22 62 10 71 48 53 72 20 65 84 33 8 85 89 50 6 96 45 50 4 77 57 2 19 31 67 23 95 64 96 85 79 19 15 21 42 30 90 32 58 87 11 33
TestCase-27
7
20 76 49 78 13 88 83
TestCase-28
79
21 97 1 95 100 82 82 11 50 34 81 54 1 95 34 43 27 40 43 58 53 81 50 36 84 100 84 62 32 5 6 92 74 20 86 44 65 30 50 99 49 93 4 63 45 88 13 81 73 90 2 12 32 26 70 67 30 79 20 64 15 58 16 96 11 89 25 76 23 49 60 45 30 74 8 23 81 6 13
TestCase-29
52
68 24 23 67 54 87 15 83 36 1 82 65 94 77 15 1 46 95 70 90 52 1 27 91 27 90 97 43 82 44 48 21 82 87 20 31 92 31 19 33 44 20 97 70 98 84 94 73 23 88 89 73
TestCase-30
68
38 84 22 28 92 71 1 59 5 6 38 18 59 73 98 87 47 45 32 53 28 7 9 37 6 66 38 61 34 50 99 41 62 72 3 28 54 8 97 44 59 64 13 65 67 13 70 85 72 40 29 45 96 84 87 9 5 8 34 60 64 68 91 23 34 57 60 8
TestCase-31
37
66 62 26 16 4 68 32 39 40 31 40 24 98 45 82 50 94 91 54 37 90 34 98 79 58 29 8 54 19 95 40 78 64 47 85 8 88
TestCase-32
98
5 54 30 39 21 91 94 95 5 9 52 83 6 75 60 55 83 89 98 56 70 61 37 75 37 50 33 93 69 16 58 30 53 93 96 83 12 35 15 86 33 39 94 3 31 14 4 67 91 48 23 96 86 70 13 10 78 55 57 25 76 30 87 47 8 95 87 97 39 3 74 51 59 76 85 42 77 31 60 89 15 45 34 53 29 34 97 48 75 2 86 95 38 15 37 72 63 97
TestCase-33
51
65 28 55 72 10 82 38 17 74 47 73 40 20 45 37 76 95 23 32 34 45 11 52 15 95 85 56 98 7 99 90 7 91 23 36 26 5 43 99 88 84 57 7 90 78 31 63 29 67 67 1
TestCase-34
9
3 23 95 19 100 74 47 25 30
TestCase-35
55
8 30 14 44 11 39 12 16 45 1 52 87 67 20 51 77 8 49 46 30 70 30 66 99 24 60 88 93 77 67 6 32 2 60 76 95 86 35 84 42 15 4 7 32 81 60 15 48 38 50 69 16 2 84 38
TestCase-36
52
68 77 3 30 62 90 12 94 77 31 14 78 70 1 64 94 73 76 44 98 46 90 45 20 21 90 33 9 6 28 81 16 33 96 98 54 13 14 16 15 26 15 28 81 89 74 33 18 34 55 83 58
TestCase-37
47
28 10 83 100 75 15 76 90 99 83 86 46 42 52 65 93 49 60 73 64 66 18 45 71 94 89 15 24 18 18 63 44 30 64 10 86 75 87 40 17 41 61 2 39 69 66 91
TestCase-38
9
14 59 96 10 10 32 95 69 62
TestCase-39
90
80 89 85 64 43 26 48 3 15 3 76 70 56 12 93 63 76 85 44 16 73 41 61 72 27 15 36 89 72 87 73 15 47 3 67 36 35 27 37 41 30 68 48 69 46 97 18 91 50 80 17 48 79 39 60 22 52 51 45 7 48 42 68 2 93 35 68 16 66 20 67 51 57 60 79 90 72 78 49 28 35 92 29 6 26 78 18 100 14 10
TestCase-40
29
4 29 54 75 46 31 1 62 32 23 8 83 41 19 48 70 72 99 67 66 59 78 98 53 40 15 67 97 32
TestCase-41
79
71 72 49 54 23 22 38 82 98 42 55 96 76 57 95 8 97 41 16 66 93 13 71 13 48 66 66 88 3 91 39 69 87 65 20 43 93 66 96 99 95 74 27 59 76 80 78 74 86 30 79 4 58 58 67 45 62 21 67 59 89 53 57 50 31 61 29 32 1 86 97 78 97 22 61 99 38 51 90
TestCase-42
98
68 51 10 57 98 54 65 96 54 67 62 79 89 4 36 66 3 82 52 30 75 17 99 78 17 4 14 94 63 52 56 7 74 34 63 18 55 69 42 92 56 62 52 53 53 70 8 60 72 11 44 55 65 88 46 99 66 70 39 8 58 85 78 88 26 5 1 68 85 31 58 35 60 79 75 30 68 6 86 46 37 96 96 13 24 49 33 8 50 40 44 44 34 49 6 72 57 64
TestCase-43
6
41 56 22 28 23 79
TestCase-44
46
86 72 61 73 46 55 35 24 51 70 75 5 55 29 58 53 44 87 24 11 13 61 82 23 100 49 19 98 62 52 30 76 60 70 61 2 42 25 14 92 43 7 96 19 71 25
TestCase-45
8
24 91 89 35 25 8 29 97
TestCase-46
92
9 64 78 47 21 98 20 67 55 22 59 66 14 6 71 23 68 2 57 32 86 4 23 53 78 63 65 57 47 33 74 5 75 6 53 96 68 78 43 67 75 4 62 51 94 42 42 7 37 21 70 47 95 74 41 32 75 93 67 33 89 19 24 16 90 15 58 35 35 3 2 61 59 26 67 100 45 45 50 86 90 92 13 13 75 100 97 79 16 34 26 31
TestCase-47
54
74 32 15 100 81 61 94 59 43 50 66 49 77 34 32 76 23 62 75 13 61 60 65 77 25 99 81 81 62 72 77 70 29 75 47 70 61 4 13 8 12 13 6 91 46 16 31 80 81 91 85 72 51 73
TestCase-48
60
43 71 3 42 91 79 32 59 29 89 57 29 65 78 62 7 47 95 15 13 80 78 9 95 80 22 48 54 11 99 94 48 25 85 92 25 96 65 3 41 13 36 81 96 19 88 51 30 59 28 59 6 8 15 68 54 87 80 25 62
TestCase-49
50
6 16 93 9 32 70 42 71 53 4 98 55 78 90 56 41 85 96 68 35 40 39 9 21 5 45 61 21 37 7 56 20 80 94 85 41 4 75 24 86 33 60 75 79 54 96 25 72 54 3
TestCase-50
92
30 26 2 85 62 60 83 50 14 23 71 38 9 81 55 45 33 66 68 67 20 46 100 17 94 99 41 2 14 78 21 75 27 79 13 22 41 12 13 49 23 13 89 86 85 5 19 74 46 54 80 37 42 26 95 3 82 85 27 37 32 52 48 99 14 8 44 2 59 95 34 55 38 82 33 4 48 16 77 34 68 95 39 43 9 98 1 47 4 28 39 58
TestCase-51
84
31 19 95 34 17 8 18 48 39 28 67 2 53 32 89 73 27 84 33 66 19 91 65 76 60 61 53 30 74 83 50 17 64 36 71 59 74 11 19 91 68 73 22 84 54 55 19 87 12 15 59 6 22 89 49 95 100 4 42 25 22 29 3 11 10 42 99 6 76 33 15 98 2 34 77 70 73 37 49 82 54 12 10 85
TestCase-52
45
56 9 24 88 71 69 66 31 74 71 57 72 63 40 23 53 17 100 82 65 37 53 7 48 58 38 53 98 38 32 25 97 35 22 12 94 91 1 79 80 45 55 15 60 85
TestCase-53
34
88 12 14 58 86 30 18 86 43 93 37 98 20 48 29 63 63 24 96 98 3 74 52 15 47 48 21 17 68 36 56 97 38 87
TestCase-54
9
45 4 90 35 39 96 9 100 11
TestCase-55
71
43 86 88 27 56 5 44 8 85 80 10 43 14 59 44 61 93 44 59 36 87 74 16 91 79 15 12 55 2 38 19 89 68 50 26 12 40 75 55 38 94 73 16 50 77 75 80 69 63 62 21 63 37 10 51 89 5 68 49 77 41 2 99 86 36 99 22 73 54 79 64
TestCase-56
22
30 24 72 50 14 70 59 69 90 28 5 14 85 91 64 32 75 46 23 88 84 83
TestCase-57
73
44 29 72 71 37 30 85 19 73 83 25 65 18 93 83 80 71 14 63 79 68 34 95 76 91 84 90 67 60 38 57 68 2 93 80 45 91 36 1 26 60 80 72 93 99 37 80 90 99 10 56 43 29 43 26 59 43 7 95 86 49 69 60 73 39 73 36 78 51 62 89 31 64
TestCase-58
12
13 28 16 41 47 3 17 9 96 44 48 16
TestCase-59
55
43 89 41 100 40 27 11 61 73 56 87 91 35 62 89 20 22 12 22 33 84 48 82 97 97 14 2 81 56 68 49 10 36 40 22 39 12 20 81 82 44 42 8 86 81 36 15 44 72 16 91 35 73 60 46
TestCase-60
72
75 77 88 19 7 77 92 57 93 83 28 3 4 26 46 89 37 64 32 73 34 64 5 35 57 31 28 26 91 78 62 93 98 16 30 39 26 12 74 10 91 3 63 28 70 31 10 26 75 86 4 95 71 84 59 72 74 61 42 74 2 39 67 95 66 80 25 70 67 67 90 13
TestCase-61
83
18 75 80 27 52 30 91 80 89 66 62 68 51 10 71 93 10 6 99 26 72 52 43 70 13 40 14 32 8 84 11 31 57 41 16 31 87 16 94 39 12 92 78 45 67 52 81 9 24 73 10 72 26 94 5 23 62 74 4 80 78 31 86 68 81 9 41 14 40 89 35 93 17 36 4 65 9 29 68 99 51 41 2
TestCase-62
87
100 12 6 15 54 28 86 24 99 56 17 44 89 1 8 93 100 2 52 45 55 23 31 77 43 28 83 11 92 93 50 71 13 42 73 41 24 39 20 99 97 6 99 53 30 90 60 59 50 50 100 5 85 86 55 89 61 71 17 48 95 22 94 21 48 59 58 4 61 98 62 83 92 92 84 49 30 62 23 92 86 82 35 88 56 92 14
TestCase-63
91
32 52 90 65 98 16 50 11 46 30 18 70 86 25 14 52 36 49 77 3 96 26 51 52 60 30 31 47 81 75 23 23 2 60 34 40 5 74 65 66 11 24 36 39 10 45 3 70 13 4 100 62 44 8 83 38 81 78 76 27 64 59 30 23 79 90 27 7 11 17 69 47 82 64 25 21 58 5 45 55 14 40 18 64 74 51 74 69 89 64 10
TestCase-64
58
70 17 72 13 10 25 18 23 37 2 64 81 4 45 79 27 84 19 30 25 12 42 77 96 70 91 30 23 26 84 1 54 94 40 87 26 68 28 12 21 20 51 34 18 96 35 83 3 52 69 94 53 3 28 93 4 28 37
TestCase-65
65
72 40 58 12 87 50 9 1 17 68 63 51 92 24 25 59 18 24 3 40 4 48 48 49 45 59 27 47 94 54 57 14 92 7 52 51 58 30 49 76 29 52 21 8 10 76 83 23 90 95 39 93 45 39 39 100 6 14 69 1 38 67 60 9 86
TestCase-66
69
49 97 46 42 55 99 21 33 26 85 54 63 7 56 18 70 97 47 12 99 70 81 39 4 73 89 50 57 49 70 87 65 44 50 10 87 79 14 28 36 19 91 13 82 2 70 73 96 14 79 63 46 95 61 60 57 94 2 17 9 80 82 81 88 77 94 93 1 64
TestCase-67
65
8 37 71 63 90 76 61 99 46 24 4 25 87 72 19 70 49 10 27 65 12 77 78 17 82 48 26 20 80 77 57 91 94 95 86 92 23 63 97 22 90 70 2 89 33 55 80 62 93 47 92 97 88 29 87 23 92 92 56 54 69 100 46 31 53
TestCase-68
36
12 75 92 24 81 55 28 91 29 26 85 10 21 35 97 99 15 81 7 16 7 84 72 18 42 19 13 45 14 94 35 57 28 93 82 69
TestCase-69
88
74 2 19 63 93 59 78 63 98 16 11 72 9 21 45 48 29 61 32 94 51 99 10 95 59 17 67 54 99 82 26 45 3 21 47 34 43 44 69 39 33 73 17 12 97 17 84 86 44 20 72 36 25 47 37 91 57 15 10 19 47 82 43 56 25 56 68 10 66 31 83 22 35 37 81 57 47 91 91 72 18 99 22 90 81 27 9 9
TestCase-70
98
79 70 71 97 38 37 52 96 19 24 31 87 65 20 27 50 54 84 9 35 57 62 19 63 20 20 1 30 91 96 96 38 87 5 30 38 1 3 5 61 41 59 24 17 1 22 10 73 30 99 8 55 48 5 27 58 69 77 98 95 50 76 34 85 47 35 29 32 85 42 53 39 32 35 100 76 39 9 35 67 93 7 55 46 68 63 60 58 58 36 12 59 92 94 88 19 20 55
TestCase-71
67
55 93 10 29 23 11 77 62 76 76 30 26 70 17 83 65 55 96 45 73 18 90 75 98 72 54 46 91 89 63 8 13 92 48 96 32 1 47 74 73 65 26 20 2 8 34 50 98 76 23 5 2 70 2 5 30 49 46 83 25 9 54 17 49 48 55 77
TestCase-72
76
3 60 23 25 72 92 73 90 54 41 34 70 25 15 22 43 16 74 4 47 92 43 47 42 78 12 1 57 91 64 59 99 44 55 88 87 11 45 38 80 24 50 33 40 17 80 58 26 97 47 77 74 99 96 48 41 65 61 84 40 74 34 57 30 26 26 65 78 27 5 5 90 92 32 84 63
TestCase-73
22
49 44 16 52 52 92 20 20 33 99 9 70 79 4 78 42 67 87 25 63 73 34
TestCase-74
20
1 96 81 95 14 51 46 57 52 74 13 100 57 78 3 93 91 73 56 51
TestCase-75
13
13 69 46 63 17 32 14 54 90 47 78 30 17
TestCase-76
71
34 28 70 1 13 59 85 66 1 95 24 87 96 48 7 6 67 70 3 23 1 70 7 34 19 9 20 86 56 32 16 17 39 24 16 74 83 40 68 32 23 13 69 68 50 38 48 90 19 88 85 10 46 78 24 6 52 52 34 2 47 22 71 44 92 90 41 86 14 22 48
TestCase-77
40
39 37 56 67 38 83 72 98 3 80 43 75 65 41 38 45 63 11 69 79 50 67 40 86 56 31 90 51 51 56 18 35 12 50 71 37 17 44 39 32
TestCase-78
100
68 57 98 79 77 1 31 36 5 42 33 34 16 60 27 28 18 65 23 97 88 67 80 59 11 82 70 61 65 90 34 18 13 90 48 20 63 73 34 70 1 84 74 97 16 40 50 12 5 60 9 3 97 19 58 41 90 4 4 34 46 64 42 52 98 92 59 37 40 40 82 78 23 35 16 65 79 78 46 65 17 61 5 52 20 2 51 96 68 46 89 27 66 3 7 76 15 28 18 47
TestCase-79
85
83 13 21 3 34 89 98 62 81 9 27 16 58 77 21 69 62 24 19 47 28 8 66 2 19 21 81 6 46 17 74 96 25 51 13 35 1 94 82 92 35 54 58 47 8 48 57 23 15 52 86 19 34 65 40 29 40 91 68 14 32 52 9 31 10 74 89 89 42 26 74 59 1 22 49 16 34 44 70 27 61 36 40 34 84
TestCase-80
95
63 19 17 30 57 66 59 26 31 91 27 96 70 44 70 91 26 62 83 15 87 32 43 88 87 57 67 15 32 42 27 21 2 20 37 52 52 46 89 68 100 17 13 4 73 51 1 51 32 26 26 12 52 25 73 5 39 9 16 56 86 34 1 39 30 88 88 18 29 3 17 87 20 37 28 75 66 54 15 53 11 39 32 81 69 80 69 52 58 17 1 37 6 65 72
TestCase-81
66
60 29 91 72 40 38 8 23 69 82 27 88 10 66 52 99 82 25 55 7 22 77 7 78 86 26 60 56 56 24 95 87 42 36 1 51 94 28 54 31 55 43 96 90 40 33 72 58 43 66 13 65 16 3 43 24 74 22 63 76 90 63 95 99 91 7
TestCase-82
37
92 9 71 30 18 28 100 90 31 41 50 12 87 70 77 34 20 81 88 74 75 79 27 2 92 24 91 74 82 98 90 10 91 70 43 86 46
TestCase-83
43
51 29 43 31 24 74 25 24 60 29 99 75 60 19 13 79 97 4 98 22 26 80 32 35 49 3 39 7 8 89 1 11 8 11 11 3 47 26 57 42 56 11 50
TestCase-84
28
58 92 26 3 63 15 67 28 60 30 37 49 11 96 58 33 4 2 54 94 2 21 56 56 11 74 95 55
TestCase-85
77
19 56 84 77 26 68 78 69 43 67 85 8 18 44 10 52 40 65 32 93 74 56 45 16 86 72 77 60 93 99 95 19 31 63 4 51 28 90 38 30 59 47 48 35 50 70 13 59 24 85 68 3 48 93 10 65 96 74 92 73 91 23 96 6 52 17 57 9 30 69 38 73 99 70 43 76 49
TestCase-86
86
48 60 58 52 73 97 39 61 6 55 23 66 59 48 54 64 62 51 81 60 84 48 8 87 75 23 98 83 100 91 2 28 9 66 27 97 34 82 89 75 61 28 93 18 8 40 42 46 40 16 24 36 43 86 47 54 21 75 48 56 23 97 19 51 84 43 67 17 51 92 81 94 95 29 30 94 91 88 53 70 80 44 34 21 79 4
TestCase-87
29
58 15 44 100 49 97 55 74 35 78 56 58 37 48 82 81 88 61 63 50 31 6 40 63 29 29 9 82 23
TestCase-88
91
1 20 72 72 99 45 17 79 70 51 55 37 4 11 51 74 36 58 65 50 47 23 75 29 73 3 64 33 64 82 8 49 73 14 97 5 24 77 89 49 100 34 65 47 93 12 10 81 95 97 36 16 60 14 64 35 36 7 8 61 16 93 99 66 58 41 18 65 94 48 55 99 47 99 44 2 92 71 22 89 29 49 55 17 38 53 55 71 100 38 65
TestCase-89
44
8 63 65 10 43 86 97 44 47 38 26 74 49 84 19 55 45 53 64 47 47 41 17 58 15 4 65 21 39 87 62 34 36 24 14 81 77 45 2 92 54 22 34 27
TestCase-90
15
53 98 80 9 38 8 23 63 69 97 52 7 97 60 16
TestCase-91
79
15 66 6 39 61 93 74 54 96 20 94 82 9 40 1 90 8 45 51 64 71 8 85 16 20 51 75 48 31 27 79 97 82 92 49 30 57 96 93 24 33 10 38 48 16 71 35 1 92 5 66 1 22 61 100 11 45 56 82 77 36 85 72 60 47 79 63 61 33 15 22 12 49 81 27 92 82 47 70
TestCase-92
46
54 55 40 59 68 41 86 56 59 98 38 81 66 58 12 19 21 2 33 64 90 60 10 94 34 68 65 22 31 33 64 23 46 36 45 23 82 16 41 57 9 48 33 10 49 5
TestCase-93
59
88 26 78 2 97 75 7 31 82 34 98 17 63 62 84 13 38 50 42 35 60 87 10 65 89 68 14 72 3 55 26 98 76 32 45 21 17 25 43 51 22 59 36 75 91 97 93 99 69 73 100 21 68 74 18 60 30 62 1
TestCase-94
4
45 2 44 69
TestCase-95
68
93 13 94 47 53 11 74 37 74 16 57 19 4 13 1 7 1 53 57 5 96 92 42 50 61 4 31 41 2 12 2 46 69 37 36 36 70 51 67 93 67 75 69 19 90 1 73 50 3 95 94 91 98 65 29 41 46 58 23 34 35 34 61 28 38 69 30 36
TestCase-96
90
79 1 24 70 89 48 77 2 56 37 62 43 3 59 80 96 39 39 21 47 7 31 19 19 48 2 54 57 91 72 97 17 11 49 61 55 37 10 50 96 68 62 84 5 71 95 53 12 60 58 72 67 5 87 91 29 19 44 33 64 69 80 57 55 77 66 22 60 41 79 87 4 28 49 44 43 50 97 19 80 52 79 14 61 67 78 42 56 3 67
TestCase-97
69
55 12 93 91 40 50 100 4 17 6 2 80 58 63 22 92 9 1 17 84 32 98 68 34 10 34 11 36 62 24 93 99 61 51 67 73 19 6 68 52 32 45 8 90 23 38 9 73 33 81 25 17 33 37 62 23 88 35 97 99 34 8 7 89 14 96 97 82 57
TestCase-98
26
18 70 81 39 29 25 83 21 90 14 98 33 15 31 96 41 54 42 83 80 20 46 81 42 62 1
TestCase-99
24
42 54 17 28 4 9 8 14 25 72 98 48 38 55 14 57 62 95 55 27 20 75 55 21
TestCase-100
83
93 81 62 96 89 64 37 12 69 5 40 82 8 83 47 69 94 74 77 23 26 30 62 46 9 62 51 86 100 54 37 85 35 65 55 95 76 73 31 76 46 30 48 30 17 15 61 83 53 9 37 58 12 11 14 83 86 82 43 47 88 51 40 14 4 2 57 84 30 62 37 51 100 1 29 4 82 50 22 90 67 62 38
TestCase-101
5
2 3 3 3 4
TestCase-102
10
5 5 5 5 5 5 5 5 5 5
TestCase-103
7
1 2 3 4 5 6 7
TestCase-104
7
7 6 5 4 3 2 1
TestCase-105
10
1 100 1 100 1 100 1 100 1 100
TestCase-106
10
10 1 10 1 10 1 10 1 10 1
TestCase-107
4
5 1 4 3
TestCase-108
5
2 7 1 8 4
TestCase-109
6
9 3 5 7 2 8
TestCase-110
6
3 10 6 5 9 2
