104
TestCase-1
0
99
0
TestCase-2
-100
100
101
-100 -98 -96 -94 -92 -90 -88 -86 -84 -82 -80 -78 -76 -74 -72 -70 -68 -66 -64 -62 -60 -58 -56 -54 -52 -50 -48 -46 -44 -42 -40 -38 -36 -34 -32 -30 -28 -26 -24 -22 -20 -18 -16 -14 -12 -10 -8 -6 -4 -2 0 2 4 6 8 10 12 14 16 18 20 22 24 26 28 30 32 34 36 38 40 42 44 46 48 50 52 54 56 58 60 62 64 66 68 70 72 74 76 78 80 82 84 86 88 90 92 94 96 98 100
TestCase-3
999999990
1000000000
2
999999995 999999999
TestCase-4
-1000000000
-999999990
3
-1000000000 -999999998 -999999995
TestCase-5
428792162
428792842
77
428792164 428792172 428792175 428792178 428792187 428792188 428792197 428792202 428792206 428792212 428792249 428792260 428792278 428792282 428792286 428792295 428792297 428792303 428792312 428792323 428792330 428792344 428792346 428792361 428792363 428792392 428792394 428792395 428792406 428792410 428792414 428792465 428792470 428792479 428792488 428792494 428792498 428792500 428792507 428792508 428792515 428792517 428792523 428792546 428792549 428792556 428792573 428792575 428792576 428792582 428792592 428792610 428792622 428792623 428792642 428792656 428792660 428792667 428792673 428792674 428792678 428792697 428792704 428792727 428792738 428792741 428792748 428792767 428792771 428792776 428792782 428792784 428792785 428792796 428792810 428792814 428792828
TestCase-6
332675220
332676190
1
332675298
TestCase-7
767169746
767170415
70
767169748 767169760 767169767 767169773 767169791 767169804 767169816 767169818 767169825 767169836 767169842 767169849 767169855 767169860 767169880 767169899 767169902 767169916 767169921 767169933 767169947 767169960 767169964 767169973 767169990 767170001 767170009 767170018 767170038 767170049 767170052 767170086 767170095 767170102 767170109 767170111 767170133 767170166 767170168 767170176 767170178 767170182 767170186 767170189 767170202 767170203 767170221 767170223 767170225 767170227 767170242 767170250 767170271 767170273 767170278 767170279 767170289 767170296 767170317 767170327 767170329 767170352 767170359 767170365 767170370 767170382 767170384 767170385 767170401 767170409
TestCase-8
749114181
749115144
36
749114205 749114221 749114225 749114262 749114270 749114292 749114294 749114301 749114303 749114396 749114399 749114430 749114482 749114508 749114533 749114577 749114585 749114640 749114712 749114814 749114827 749114831 749114863 749114906 749114908 749114917 749114969 749115009 749115026 749115032 749115036 749115053 749115080 749115090 749115096 749115133
TestCase-9
577410102
577411066
77
577410123 577410130 577410149 577410161 577410170 577410171 577410199 577410205 577410214 577410223 577410235 577410238 577410241 577410261 577410276 577410302 577410303 577410310 577410314 577410341 577410348 577410349 577410358 577410360 577410395 577410399 577410417 577410428 577410434 577410435 577410437 577410443 577410450 577410453 577410456 577410457 577410470 577410477 577410486 577410515 577410525 577410546 577410601 577410607 577410656 577410672 577410684 577410687 577410690 577410714 577410718 577410722 577410726 577410731 577410762 577410764 577410767 577410854 577410860 577410875 577410879 577410885 577410891 577410895 577410908 577410928 577410929 577410953 577410960 577410972 577411003 577411006 577411008 577411016 577411018 577411046 577411055
TestCase-10
150253784
150254294
23
150253785 150253786 150253795 150253871 150253875 150253895 150253908 150253922 150253962 150253987 150254011 150254074 150254101 150254124 150254140 150254167 150254189 150254199 150254230 150254239 150254245 150254274 150254287
TestCase-11
-395148946
-395148440
15
-395148918 -395148904 -395148880 -395148856 -395148845 -395148827 -395148785 -395148698 -395148647 -395148637 -395148632 -395148548 -395148495 -395148463 -395148443
TestCase-12
469653584
469654267
76
469653584 469653587 469653588 469653589 469653593 469653618 469653628 469653630 469653635 469653639 469653644 469653663 469653664 469653667 469653673 469653675 469653703 469653710 469653711 469653712 469653720 469653736 469653738 469653746 469653747 469653755 469653759 469653787 469653788 469653790 469653802 469653803 469653809 469653812 469653817 469653830 469653854 469653858 469653865 469653878 469653887 469653894 469653896 469653898 469653903 469653904 469653921 469653957 469653977 469653982 469653988 469653989 469653993 469653994 469654030 469654031 469654036 469654040 469654056 469654108 469654131 469654139 469654142 469654148 469654153 469654165 469654176 469654180 469654187 469654195 469654207 469654224 469654229 469654230 469654237 469654257
TestCase-13
-752513440
-752512837
82
-752513432 -752513431 -752513428 -752513426 -752513416 -752513410 -752513402 -752513394 -752513388 -752513386 -752513385 -752513371 -752513366 -752513364 -752513358 -752513352 -752513345 -752513343 -752513340 -752513337 -752513327 -752513319 -752513318 -752513312 -752513290 -752513287 -752513272 -752513233 -752513218 -752513217 -752513213 -752513211 -752513186 -752513177 -752513162 -752513161 -752513146 -752513136 -752513129 -752513124 -752513116 -752513108 -752513104 -752513102 -752513096 -752513095 -752513078 -752513076 -752513064 -752513054 -752513036 -752513033 -752513032 -752513016 -752512999 -752512993 -752512989 -752512983 -752512963 -752512958 -752512954 -752512948 -752512943 -752512936 -752512935 -752512924 -752512917 -752512916 -752512915 -752512914 -752512898 -752512886 -752512884 -752512880 -752512876 -752512864 -752512863 -752512854 -752512853 -752512846 -752512840 -752512838
TestCase-14
459918741
459919687
67
459918746 459918801 459918812 459918814 459918835 459918875 459918878 459918881 459918890 459918896 459918915 459918936 459918939 459918942 459918945 459918962 459918974 459918999 459919006 459919008 459919017 459919020 459919021 459919045 459919064 459919070 459919080 459919097 459919098 459919107 459919117 459919122 459919127 459919175 459919189 459919195 459919212 459919242 459919254 459919292 459919295 459919331 459919340 459919391 459919404 459919409 459919411 459919443 459919462 459919463 459919479 459919481 459919483 459919488 459919503 459919526 459919527 459919608 459919610 459919625 459919630 459919633 459919642 459919657 459919661 459919662 459919665
TestCase-15
-598704440
-598703666
69
-598704431 -598704392 -598704362 -598704354 -598704348 -598704347 -598704329 -598704317 -598704316 -598704315 -598704295 -598704291 -598704288 -598704270 -598704255 -598704254 -598704237 -598704229 -598704219 -598704201 -598704197 -598704181 -598704176 -598704174 -598704173 -598704171 -598704170 -598704169 -598704167 -598704166 -598704152 -598704142 -598704130 -598704124 -598704114 -598704111 -598704094 -598704084 -598704080 -598704073 -598704068 -598704065 -598704049 -598704030 -598704026 -598704001 -598703989 -598703982 -598703980 -598703958 -598703953 -598703950 -598703947 -598703903 -598703869 -598703842 -598703835 -598703819 -598703803 -598703792 -598703771 -598703760 -598703738 -598703723 -598703698 -598703696 -598703694 -598703679 -598703670
TestCase-16
938364391
938365142
64
938364391 938364393 938364406 938364430 938364431 938364432 938364442 938364448 938364451 938364457 938364460 938364462 938364467 938364468 938364477 938364508 938364522 938364555 938364561 938364603 938364614 938364618 938364623 938364630 938364645 938364646 938364656 938364657 938364662 938364672 938364718 938364722 938364728 938364751 938364766 938364789 938364814 938364819 938364822 938364845 938364846 938364856 938364866 938364869 938364878 938364894 938364934 938364942 938364949 938364954 938364974 938364997 938365003 938365012 938365016 938365060 938365063 938365078 938365084 938365094 938365112 938365119 938365120 938365127
TestCase-17
-939302306
-939301321
67
-939302280 -939302277 -939302266 -939302247 -939302246 -939302216 -939302183 -939302176 -939302145 -939302140 -939302135 -939302122 -939302115 -939302098 -939302096 -939302092 -939302085 -939302084 -939302083 -939302078 -939302074 -939302049 -939302043 -939302033 -939302027 -939302006 -939302004 -939302001 -939301996 -939301994 -939301993 -939301985 -939301979 -939301965 -939301934 -939301911 -939301892 -939301806 -939301805 -939301801 -939301797 -939301695 -939301688 -939301680 -939301677 -939301667 -939301666 -939301660 -939301651 -939301647 -939301633 -939301616 -939301583 -939301582 -939301573 -939301493 -939301485 -939301433 -939301419 -939301395 -939301382 -939301373 -939301371 -939301357 -939301342 -939301336 -939301321
TestCase-18
-183687795
-183687069
10
-183687780 -183687745 -183687708 -183687593 -183687564 -183687536 -183687477 -183687450 -183687388 -183687170
TestCase-19
-584426046
-584425205
65
-584426043 -584426028 -584426019 -584426003 -584425998 -584425995 -584425987 -584425983 -584425982 -584425977 -584425972 -584425968 -584425962 -584425952 -584425937 -584425918 -584425907 -584425892 -584425883 -584425870 -584425864 -584425789 -584425770 -584425755 -584425718 -584425703 -584425698 -584425688 -584425669 -584425654 -584425650 -584425648 -584425638 -584425632 -584425628 -584425622 -584425621 -584425606 -584425605 -584425559 -584425540 -584425520 -584425518 -584425517 -584425513 -584425505 -584425504 -584425488 -584425445 -584425440 -584425433 -584425422 -584425409 -584425379 -584425363 -584425351 -584425348 -584425342 -584425341 -584425319 -584425294 -584425290 -584425287 -584425260 -584425249
TestCase-20
454635397
454636321
82
454635399 454635433 454635437 454635446 454635450 454635456 454635460 454635463 454635470 454635484 454635495 454635517 454635578 454635592 454635604 454635620 454635627 454635629 454635650 454635651 454635654 454635655 454635669 454635675 454635682 454635697 454635719 454635727 454635731 454635740 454635742 454635748 454635768 454635776 454635778 454635788 454635810 454635811 454635822 454635855 454635857 454635864 454635874 454635880 454635894 454635930 454635938 454635947 454635950 454635987 454636001 454636002 454636009 454636010 454636018 454636028 454636031 454636038 454636044 454636057 454636058 454636089 454636109 454636136 454636148 454636149 454636155 454636162 454636164 454636166 454636182 454636187 454636198 454636205 454636219 454636224 454636242 454636250 454636276 454636289 454636290 454636314
TestCase-21
606835485
606836162
43
606835509 606835543 606835565 606835571 606835578 606835585 606835594 606835595 606835599 606835607 606835659 606835685 606835692 606835707 606835708 606835736 606835749 606835757 606835763 606835777 606835781 606835818 606835863 606835904 606835916 606835921 606835922 606835943 606835955 606835970 606835984 606836007 606836014 606836024 606836026 606836035 606836057 606836068 606836077 606836109 606836130 606836131 606836147
TestCase-22
-302019055
-302018145
23
-302019051 -302019028 -302019007 -302018982 -302018963 -302018947 -302018894 -302018888 -302018867 -302018802 -302018775 -302018770 -302018760 -302018647 -302018543 -302018397 -302018307 -302018257 -302018239 -302018217 -302018196 -302018176 -302018171
TestCase-23
-508346881
-508346269
74
-508346874 -508346872 -508346861 -508346857 -508346843 -508346842 -508346833 -508346827 -508346825 -508346822 -508346811 -508346806 -508346804 -508346803 -508346791 -508346778 -508346770 -508346768 -508346766 -508346760 -508346749 -508346747 -508346743 -508346742 -508346739 -508346727 -508346725 -508346704 -508346697 -508346689 -508346687 -508346682 -508346677 -508346676 -508346669 -508346668 -508346664 -508346662 -508346628 -508346625 -508346622 -508346613 -508346597 -508346590 -508346587 -508346586 -508346580 -508346574 -508346552 -508346541 -508346538 -508346524 -508346514 -508346502 -508346498 -508346497 -508346469 -508346449 -508346446 -508346424 -508346422 -508346419 -508346413 -508346409 -508346393 -508346362 -508346355 -508346346 -508346338 -508346324 -508346316 -508346311 -508346289 -508346271
TestCase-24
-614933781
-614932937
48
-614933774 -614933771 -614933730 -614933728 -614933707 -614933706 -614933694 -614933672 -614933650 -614933579 -614933566 -614933565 -614933561 -614933525 -614933522 -614933512 -614933506 -614933505 -614933504 -614933495 -614933476 -614933470 -614933466 -614933390 -614933383 -614933380 -614933312 -614933285 -614933280 -614933272 -614933223 -614933188 -614933185 -614933172 -614933141 -614933093 -614933073 -614933061 -614933051 -614933018 -614933003 -614933001 -614932993 -614932979 -614932975 -614932969 -614932954 -614932938
TestCase-25
-515152600
-515151928
95
-515152600 -515152598 -515152557 -515152555 -515152552 -515152548 -515152535 -515152534 -515152516 -515152507 -515152495 -515152494 -515152483 -515152474 -515152471 -515152460 -515152450 -515152433 -515152418 -515152416 -515152401 -515152396 -515152395 -515152390 -515152380 -515152378 -515152369 -515152365 -515152361 -515152351 -515152345 -515152341 -515152334 -515152324 -515152305 -515152302 -515152301 -515152299 -515152283 -515152280 -515152271 -515152269 -515152258 -515152252 -515152243 -515152239 -515152235 -515152228 -515152226 -515152205 -515152203 -515152186 -515152184 -515152181 -515152179 -515152170 -515152167 -515152162 -515152160 -515152159 -515152157 -515152152 -515152147 -515152132 -515152127 -515152120 -515152116 -515152115 -515152111 -515152100 -515152096 -515152079 -515152069 -515152066 -515152054 -515152048 -515152040 -515152038 -515152032 -515152011 -515152005 -515151994 -515151992 -515151991 -515151987 -515151985 -515151982 -515151978 -515151972 -515151971 -515151968 -515151962 -515151959 -515151951 -515151942
TestCase-26
767185335
767185860
56
767185338 767185341 767185353 767185356 767185357 767185363 767185369 767185378 767185382 767185387 767185422 767185430 767185432 767185437 767185448 767185456 767185459 767185466 767185481 767185489 767185490 767185507 767185510 767185524 767185526 767185529 767185540 767185547 767185548 767185550 767185553 767185558 767185565 767185573 767185600 767185621 767185623 767185632 767185642 767185643 767185669 767185675 767185676 767185692 767185710 767185712 767185726 767185727 767185729 767185731 767185745 767185746 767185751 767185809 767185826 767185853
TestCase-27
-273560156
-273559212
65
-273560152 -273560148 -273560133 -273560128 -273560086 -273560079 -273560077 -273560062 -273560061 -273560046 -273560033 -273560004 -273559993 -273559989 -273559954 -273559921 -273559918 -273559891 -273559880 -273559875 -273559851 -273559836 -273559809 -273559807 -273559787 -273559784 -273559762 -273559760 -273559758 -273559751 -273559744 -273559705 -273559685 -273559680 -273559663 -273559657 -273559642 -273559620 -273559618 -273559617 -273559612 -273559606 -273559602 -273559576 -273559569 -273559556 -273559550 -273559527 -273559491 -273559485 -273559460 -273559455 -273559420 -273559411 -273559396 -273559387 -273559365 -273559354 -273559349 -273559336 -273559313 -273559273 -273559237 -273559227 -273559217
TestCase-28
-725863283
-725862422
37
-725863227 -725863222 -725863112 -725863082 -725863061 -725863049 -725863038 -725863005 -725862997 -725862925 -725862922 -725862910 -725862868 -725862866 -725862844 -725862790 -725862739 -725862730 -725862717 -725862715 -725862695 -725862675 -725862652 -725862635 -725862628 -725862624 -725862602 -725862583 -725862572 -725862563 -725862559 -725862551 -725862547 -725862528 -725862502 -725862491 -725862477
TestCase-29
-433038619
-433037790
67
-433038596 -433038594 -433038588 -433038577 -433038559 -433038558 -433038557 -433038521 -433038518 -433038509 -433038480 -433038469 -433038461 -433038455 -433038454 -433038448 -433038435 -433038421 -433038397 -433038371 -433038362 -433038351 -433038324 -433038322 -433038321 -433038305 -433038299 -433038291 -433038285 -433038275 -433038272 -433038258 -433038252 -433038251 -433038239 -433038236 -433038233 -433038225 -433038201 -433038192 -433038186 -433038180 -433038171 -433038160 -433038154 -433038149 -433038140 -433038084 -433038073 -433038053 -433038032 -433038020 -433038015 -433038009 -433037990 -433037972 -433037964 -433037960 -433037948 -433037925 -433037909 -433037866 -433037857 -433037838 -433037832 -433037829 -433037807
TestCase-30
615687361
615688214
52
615687363 615687382 615687386 615687409 615687411 615687413 615687419 615687432 615687448 615687456 615687460 615687465 615687494 615687516 615687532 615687553 615687564 615687585 615687589 615687595 615687619 615687621 615687623 615687649 615687660 615687663 615687681 615687724 615687733 615687737 615687753 615687766 615687771 615687779 615687783 615687840 615687868 615687898 615687925 615687969 615687980 615688000 615688024 615688040 615688042 615688048 615688078 615688137 615688142 615688161 615688191 615688204
TestCase-31
-995935332
-995934403
17
-995935321 -995935260 -995935218 -995935200 -995935178 -995935158 -995935133 -995935116 -995934863 -995934836 -995934777 -995934754 -995934743 -995934611 -995934577 -995934554 -995934546
TestCase-32
-524113879
-524113030
73
-524113860 -524113855 -524113851 -524113840 -524113838 -524113821 -524113799 -524113795 -524113791 -524113777 -524113770 -524113769 -524113737 -524113736 -524113716 -524113712 -524113708 -524113707 -524113699 -524113695 -524113667 -524113640 -524113637 -524113612 -524113604 -524113599 -524113591 -524113575 -524113563 -524113513 -524113498 -524113489 -524113445 -524113430 -524113418 -524113394 -524113393 -524113372 -524113369 -524113362 -524113355 -524113324 -524113300 -524113298 -524113283 -524113273 -524113253 -524113245 -524113236 -524113231 -524113230 -524113219 -524113209 -524113175 -524113165 -524113143 -524113142 -524113131 -524113116 -524113114 -524113101 -524113081 -524113079 -524113070 -524113068 -524113067 -524113066 -524113064 -524113063 -524113057 -524113050 -524113046 -524113040
TestCase-33
225683325
225683932
19
225683435 225683454 225683498 225683552 225683581 225683610 225683619 225683623 225683702 225683722 225683744 225683772 225683774 225683809 225683817 225683856 225683881 225683905 225683921
TestCase-34
-843110541
-843109602
57
-843110535 -843110500 -843110491 -843110452 -843110410 -843110390 -843110382 -843110379 -843110369 -843110366 -843110365 -843110358 -843110356 -843110354 -843110349 -843110331 -843110295 -843110282 -843110261 -843110229 -843110197 -843110183 -843110155 -843110103 -843110099 -843110057 -843110054 -843110042 -843110039 -843110028 -843109975 -843109960 -843109945 -843109930 -843109907 -843109873 -843109872 -843109871 -843109870 -843109857 -843109842 -843109838 -843109823 -843109807 -843109743 -843109711 -843109698 -843109697 -843109684 -843109683 -843109676 -843109650 -843109647 -843109643 -843109633 -843109618 -843109603
TestCase-35
720703746
720704329
100
720703748 720703753 720703761 720703764 720703767 720703771 720703782 720703794 720703795 720703796 720703797 720703805 720703815 720703818 720703822 720703832 720703833 720703836 720703838 720703849 720703853 720703857 720703860 720703880 720703883 720703888 720703892 720703893 720703904 720703910 720703922 720703933 720703935 720703942 720703947 720703953 720703963 720703972 720703980 720703988 720703999 720704000 720704012 720704017 720704027 720704029 720704032 720704040 720704045 720704054 720704070 720704074 720704075 720704083 720704086 720704087 720704095 720704100 720704108 720704119 720704125 720704129 720704130 720704133 720704134 720704138 720704145 720704148 720704150 720704151 720704152 720704156 720704157 720704168 720704170 720704179 720704180 720704194 720704195 720704203 720704206 720704207 720704218 720704227 720704236 720704240 720704241 720704246 720704260 720704276 720704277 720704280 720704291 720704297 720704305 720704310 720704315 720704319 720704321 720704326
TestCase-36
-401565226
-401564352
83
-401565199 -401565193 -401565173 -401565164 -401565155 -401565117 -401565090 -401565083 -401565081 -401565080 -401565078 -401565072 -401565060 -401565056 -401565049 -401565041 -401565028 -401565012 -401564990 -401564987 -401564983 -401564967 -401564959 -401564953 -401564942 -401564939 -401564934 -401564926 -401564922 -401564915 -401564914 -401564903 -401564893 -401564889 -401564868 -401564859 -401564855 -401564833 -401564832 -401564826 -401564821 -401564819 -401564803 -401564778 -401564772 -401564766 -401564765 -401564753 -401564752 -401564733 -401564732 -401564702 -401564687 -401564681 -401564670 -401564627 -401564620 -401564595 -401564575 -401564574 -401564531 -401564517 -401564505 -401564504 -401564502 -401564493 -401564486 -401564482 -401564462 -401564458 -401564446 -401564441 -401564436 -401564432 -401564431 -401564424 -401564421 -401564402 -401564395 -401564387 -401564372 -401564367 -401564356
TestCase-37
282193592
282194532
47
282193607 282193613 282193626 282193632 282193635 282193638 282193643 282193672 282193686 282193711 282193728 282193729 282193798 282193804 282193808 282193813 282193819 282193825 282193827 282193845 282193897 282193907 282193914 282193925 282193927 282193943 282193973 282193974 282193979 282194015 282194040 282194074 282194132 282194179 282194182 282194186 282194217 282194219 282194277 282194297 282194298 282194323 282194332 282194386 282194434 282194484 282194514
TestCase-38
-251607616
-251606921
43
-251607598 -251607585 -251607579 -251607578 -251607569 -251607561 -251607543 -251607541 -251607538 -251607521 -251607510 -251607503 -251607456 -251607449 -251607409 -251607408 -251607391 -251607378 -251607374 -251607369 -251607320 -251607315 -251607294 -251607272 -251607268 -251607262 -251607255 -251607239 -251607217 -251607193 -251607142 -251607113 -251607110 -251607108 -251607088 -251607085 -251607084 -251607067 -251607062 -251606996 -251606994 -251606983 -251606942
TestCase-39
-272938621
-272938037
97
-272938616 -272938604 -272938596 -272938593 -272938580 -272938577 -272938569 -272938568 -272938562 -272938558 -272938553 -272938548 -272938547 -272938542 -272938533 -272938509 -272938507 -272938505 -272938503 -272938500 -272938478 -272938470 -272938467 -272938458 -272938456 -272938448 -272938441 -272938431 -272938430 -272938426 -272938424 -272938422 -272938421 -272938418 -272938416 -272938395 -272938388 -272938383 -272938381 -272938379 -272938376 -272938374 -272938368 -272938366 -272938361 -272938356 -272938351 -272938349 -272938337 -272938331 -272938330 -272938326 -272938322 -272938317 -272938309 -272938308 -272938299 -272938297 -272938292 -272938279 -272938277 -272938265 -272938261 -272938259 -272938256 -272938238 -272938219 -272938214 -272938213 -272938195 -272938192 -272938190 -272938187 -272938184 -272938179 -272938171 -272938161 -272938158 -272938153 -272938144 -272938133 -272938129 -272938113 -272938112 -272938110 -272938097 -272938093 -272938089 -272938082 -272938077 -272938072 -272938063 -272938053 -272938048 -272938046 -272938038 -272938037
TestCase-40
816645667
816646636
68
816645681 816645694 816645698 816645699 816645722 816645723 816645724 816645740 816645760 816645761 816645770 816645802 816645823 816645831 816645836 816645846 816645855 816645868 816645903 816645917 816645951 816645962 816645976 816645983 816645986 816645988 816645993 816645999 816646002 816646005 816646023 816646026 816646046 816646061 816646062 816646097 816646118 816646125 816646131 816646142 816646159 816646203 816646210 816646219 816646231 816646236 816646249 816646257 816646292 816646296 816646315 816646367 816646414 816646436 816646438 816646450 816646454 816646479 816646494 816646534 816646549 816646552 816646565 816646602 816646603 816646604 816646617 816646635
TestCase-41
-963337550
-963336784
70
-963337544 -963337519 -963337510 -963337498 -963337488 -963337485 -963337463 -963337457 -963337436 -963337427 -963337420 -963337412 -963337411 -963337390 -963337385 -963337371 -963337370 -963337366 -963337350 -963337326 -963337320 -963337310 -963337309 -963337295 -963337290 -963337289 -963337267 -963337249 -963337245 -963337244 -963337233 -963337226 -963337222 -963337213 -963337212 -963337209 -963337187 -963337181 -963337168 -963337161 -963337141 -963337121 -963337120 -963337117 -963337115 -963337110 -963337066 -963337059 -963337050 -963337046 -963337033 -963336996 -963336965 -963336956 -963336924 -963336901 -963336887 -963336884 -963336868 -963336867 -963336840 -963336831 -963336825 -963336816 -963336813 -963336811 -963336809 -963336808 -963336807 -963336788
TestCase-42
79619049
79619875
44
79619069 79619098 79619130 79619152 79619155 79619156 79619187 79619224 79619251 79619253 79619256 79619257 79619261 79619280 79619285 79619295 79619298 79619354 79619359 79619385 79619388 79619400 79619419 79619439 79619487 79619495 79619499 79619533 79619556 79619559 79619572 79619620 79619635 79619641 79619674 79619679 79619725 79619728 79619732 79619754 79619758 79619812 79619845 79619859
TestCase-43
709043485
709044234
80
709043494 709043505 709043511 709043520 709043521 709043542 709043548 709043556 709043561 709043578 709043618 709043626 709043650 709043657 709043673 709043677 709043685 709043696 709043704 709043715 709043738 709043745 709043749 709043750 709043754 709043794 709043799 709043838 709043839 709043847 709043856 709043860 709043861 709043865 709043888 709043907 709043916 709043919 709043935 709043945 709043961 709043971 709043973 709043976 709043982 709043993 709044056 709044058 709044066 709044068 709044080 709044085 709044086 709044087 709044093 709044118 709044119 709044121 709044128 709044129 709044132 709044133 709044142 709044150 709044152 709044153 709044158 709044166 709044167 709044175 709044180 709044182 709044197 709044203 709044208 709044209 709044212 709044217 709044223 709044224
TestCase-44
998397987
998398640
5
998398171 998398179 998398245 998398253 998398299
TestCase-45
-402414952
-402414170
56
-402414918 -402414917 -402414890 -402414881 -402414879 -402414856 -402414807 -402414802 -402414778 -402414773 -402414762 -402414750 -402414743 -402414742 -402414727 -402414714 -402414701 -402414692 -402414670 -402414645 -402414637 -402414631 -402414624 -402414620 -402414604 -402414593 -402414588 -402414587 -402414586 -402414573 -402414572 -402414563 -402414560 -402414553 -402414512 -402414509 -402414503 -402414499 -402414444 -402414423 -402414409 -402414404 -402414384 -402414367 -402414349 -402414346 -402414344 -402414332 -402414312 -402414311 -402414301 -402414269 -402414257 -402414246 -402414210 -402414201
TestCase-46
93101364
93102107
12
93101437 93101454 93101460 93101505 93101510 93101656 93101848 93101914 93101930 93102049 93102064 93102079
TestCase-47
-938888146
-938887573
29
-938888145 -938888109 -938888104 -938888098 -938888096 -938888095 -938888045 -938888020 -938888012 -938887997 -938887981 -938887970 -938887952 -938887922 -938887918 -938887892 -938887885 -938887860 -938887858 -938887838 -938887828 -938887807 -938887792 -938887776 -938887751 -938887749 -938887739 -938887687 -938887610
TestCase-48
-867884124
-867883426
50
-867884108 -867884091 -867884067 -867884060 -867884038 -867884034 -867884033 -867884019 -867883994 -867883967 -867883934 -867883920 -867883919 -867883914 -867883909 -867883897 -867883854 -867883823 -867883818 -867883804 -867883794 -867883774 -867883770 -867883767 -867883761 -867883751 -867883744 -867883740 -867883710 -867883707 -867883693 -867883691 -867883681 -867883619 -867883608 -867883596 -867883550 -867883547 -867883543 -867883530 -867883507 -867883501 -867883499 -867883487 -867883485 -867883479 -867883472 -867883468 -867883464 -867883427
TestCase-49
-502637113
-502636389
82
-502637112 -502637105 -502637099 -502637098 -502637093 -502637090 -502637072 -502637069 -502637067 -502637066 -502637063 -502637054 -502637051 -502637038 -502637031 -502637021 -502637010 -502637007 -502636983 -502636981 -502636976 -502636964 -502636949 -502636948 -502636943 -502636935 -502636928 -502636913 -502636906 -502636904 -502636895 -502636884 -502636872 -502636870 -502636859 -502636853 -502636852 -502636845 -502636794 -502636789 -502636748 -502636719 -502636718 -502636708 -502636698 -502636697 -502636690 -502636684 -502636676 -502636652 -502636636 -502636621 -502636615 -502636613 -502636608 -502636604 -502636592 -502636587 -502636581 -502636562 -502636561 -502636560 -502636554 -502636540 -502636527 -502636525 -502636523 -502636510 -502636487 -502636472 -502636467 -502636460 -502636458 -502636455 -502636442 -502636422 -502636412 -502636407 -502636402 -502636401 -502636400 -502636394
TestCase-50
-553562564
-553561872
15
-553562509 -553562404 -553562265 -553562142 -553562100 -553562069 -553562049 -553562042 -553561995 -553561992 -553561963 -553561955 -553561901 -553561875 -553561873
TestCase-51
-50569156
-50568458
10
-50569081 -50569078 -50569057 -50569020 -50568980 -50568932 -50568916 -50568703 -50568573 -50568521
TestCase-52
-309227687
-309226888
44
-309227680 -309227675 -309227673 -309227667 -309227629 -309227628 -309227624 -309227623 -309227610 -309227597 -309227589 -309227577 -309227562 -309227552 -309227529 -309227472 -309227416 -309227412 -309227393 -309227376 -309227367 -309227360 -309227357 -309227283 -309227248 -309227224 -309227220 -309227211 -309227192 -309227155 -309227141 -309227126 -309227106 -309227101 -309227039 -309227031 -309227019 -309226998 -309226968 -309226966 -309226934 -309226928 -309226902 -309226889
TestCase-53
-574712114
-574711283
44
-574712107 -574712068 -574712058 -574712015 -574712006 -574711987 -574711969 -574711964 -574711926 -574711925 -574711904 -574711899 -574711884 -574711877 -574711868 -574711828 -574711795 -574711753 -574711742 -574711735 -574711712 -574711705 -574711695 -574711685 -574711675 -574711620 -574711617 -574711600 -574711580 -574711547 -574711530 -574711471 -574711468 -574711467 -574711459 -574711426 -574711419 -574711390 -574711355 -574711351 -574711346 -574711338 -574711336 -574711328
TestCase-54
168094354
168095229
63
168094355 168094362 168094379 168094393 168094404 168094430 168094454 168094462 168094463 168094483 168094485 168094546 168094548 168094550 168094572 168094579 168094584 168094589 168094623 168094630 168094636 168094638 168094641 168094668 168094684 168094685 168094721 168094725 168094742 168094786 168094787 168094794 168094813 168094844 168094851 168094884 168094907 168094925 168094926 168094939 168094942 168094962 168094982 168095000 168095004 168095011 168095014 168095018 168095022 168095039 168095046 168095054 168095056 168095069 168095091 168095109 168095113 168095126 168095131 168095134 168095183 168095202 168095219
TestCase-55
-606979731
-606978852
25
-606979707 -606979696 -606979682 -606979679 -606979671 -606979653 -606979624 -606979593 -606979583 -606979456 -606979417 -606979259 -606979177 -606979145 -606979140 -606979114 -606979105 -606979071 -606979042 -606978962 -606978906 -606978905 -606978895 -606978877 -606978862
TestCase-56
-501038623
-501037647
67
-501038601 -501038576 -501038575 -501038572 -501038569 -501038567 -501038565 -501038532 -501038522 -501038513 -501038499 -501038497 -501038494 -501038467 -501038448 -501038430 -501038409 -501038398 -501038395 -501038384 -501038370 -501038364 -501038336 -501038329 -501038325 -501038323 -501038295 -501038276 -501038249 -501038238 -501038233 -501038231 -501038158 -501038155 -501038148 -501038132 -501038130 -501038094 -501038089 -501038079 -501038061 -501038059 -501038033 -501038027 -501038020 -501038002 -501037989 -501037947 -501037931 -501037906 -501037905 -501037881 -501037877 -501037866 -501037860 -501037849 -501037848 -501037800 -501037762 -501037754 -501037750 -501037723 -501037709 -501037707 -501037681 -501037674 -501037672
TestCase-57
-497987501
-497986719
3
-497987460 -497987206 -497986825
TestCase-58
-342933610
-342933044
54
-342933608 -342933607 -342933598 -342933575 -342933569 -342933526 -342933503 -342933500 -342933483 -342933445 -342933442 -342933412 -342933409 -342933394 -342933379 -342933356 -342933353 -342933332 -342933327 -342933324 -342933323 -342933322 -342933318 -342933316 -342933310 -342933300 -342933263 -342933255 -342933250 -342933240 -342933231 -342933227 -342933226 -342933214 -342933206 -342933197 -342933183 -342933160 -342933159 -342933130 -342933125 -342933122 -342933111 -342933109 -342933106 -342933102 -342933097 -342933095 -342933075 -342933073 -342933072 -342933071 -342933051 -342933048
TestCase-59
80914433
80915371
36
80914442 80914475 80914491 80914504 80914553 80914574 80914598 80914637 80914656 80914657 80914658 80914684 80914722 80914726 80914727 80914731 80914781 80914811 80914856 80914920 80914930 80914932 80914968 80914969 80914993 80915021 80915084 80915141 80915150 80915151 80915174 80915192 80915294 80915305 80915319 80915357
TestCase-60
496695063
496695855
42
496695065 496695071 496695098 496695104 496695114 496695124 496695130 496695139 496695157 496695173 496695175 496695211 496695213 496695237 496695244 496695262 496695285 496695288 496695289 496695308 496695320 496695344 496695366 496695381 496695429 496695432 496695441 496695451 496695480 496695482 496695489 496695511 496695518 496695544 496695563 496695622 496695637 496695696 496695763 496695782 496695812 496695813
TestCase-61
-436247242
-436246675
67
-436247241 -436247233 -436247227 -436247221 -436247220 -436247214 -436247213 -436247194 -436247192 -436247191 -436247188 -436247181 -436247179 -436247168 -436247159 -436247142 -436247140 -436247129 -436247116 -436247114 -436247103 -436247083 -436247074 -436247065 -436247063 -436247057 -436247051 -436247040 -436247028 -436247019 -436247007 -436247003 -436247001 -436246989 -436246988 -436246977 -436246975 -436246971 -436246961 -436246955 -436246949 -436246940 -436246937 -436246936 -436246931 -436246918 -436246901 -436246890 -436246883 -436246879 -436246878 -436246844 -436246842 -436246820 -436246810 -436246805 -436246791 -436246786 -436246772 -436246766 -436246758 -436246749 -436246730 -436246728 -436246722 -436246715 -436246682
TestCase-62
398935000
398935623
40
398935026 398935048 398935054 398935076 398935082 398935085 398935100 398935106 398935112 398935114 398935120 398935123 398935138 398935167 398935173 398935177 398935196 398935230 398935242 398935250 398935252 398935283 398935295 398935296 398935326 398935343 398935371 398935373 398935383 398935391 398935409 398935447 398935456 398935502 398935531 398935548 398935560 398935578 398935616 398935622
TestCase-63
220888039
220888590
73
220888040 220888043 220888044 220888047 220888050 220888072 220888075 220888079 220888094 220888108 220888115 220888137 220888152 220888154 220888155 220888166 220888191 220888200 220888208 220888209 220888219 220888220 220888222 220888224 220888225 220888240 220888242 220888244 220888246 220888256 220888259 220888278 220888280 220888281 220888287 220888294 220888295 220888300 220888305 220888307 220888315 220888321 220888344 220888369 220888389 220888397 220888398 220888403 220888406 220888424 220888429 220888434 220888441 220888442 220888447 220888448 220888453 220888454 220888459 220888465 220888467 220888468 220888480 220888482 220888483 220888493 220888496 220888501 220888535 220888551 220888563 220888588 220888589
TestCase-64
596399687
596400451
98
596399688 596399692 596399701 596399710 596399717 596399724 596399729 596399730 596399756 596399758 596399763 596399765 596399784 596399785 596399788 596399792 596399794 596399807 596399810 596399814 596399817 596399829 596399835 596399839 596399840 596399867 596399878 596399881 596399884 596399887 596399890 596399891 596399893 596399902 596399911 596399920 596399925 596399936 596399952 596399961 596399966 596399984 596399991 596399997 596400008 596400021 596400032 596400035 596400038 596400042 596400049 596400051 596400057 596400061 596400071 596400077 596400092 596400104 596400118 596400123 596400129 596400146 596400169 596400188 596400207 596400209 596400211 596400221 596400230 596400244 596400257 596400267 596400272 596400274 596400276 596400287 596400292 596400294 596400305 596400307 596400309 596400311 596400313 596400314 596400319 596400320 596400340 596400350 596400360 596400362 596400374 596400387 596400389 596400391 596400392 596400407 596400414 596400432
TestCase-65
875484300
875485127
36
875484307 875484323 875484329 875484399 875484421 875484435 875484436 875484460 875484493 875484532 875484544 875484627 875484632 875484639 875484658 875484698 875484723 875484724 875484751 875484764 875484769 875484791 875484802 875484831 875484874 875484901 875484904 875484930 875484935 875484985 875484988 875484989 875485040 875485051 875485062 875485086
TestCase-66
-892755099
-892754139
63
-892755098 -892755074 -892755025 -892754991 -892754965 -892754962 -892754951 -892754908 -892754875 -892754856 -892754839 -892754838 -892754805 -892754802 -892754778 -892754750 -892754749 -892754743 -892754730 -892754719 -892754703 -892754702 -892754698 -892754663 -892754656 -892754655 -892754650 -892754636 -892754619 -892754613 -892754610 -892754597 -892754586 -892754553 -892754543 -892754532 -892754531 -892754507 -892754494 -892754492 -892754480 -892754460 -892754456 -892754455 -892754448 -892754397 -892754392 -892754381 -892754363 -892754334 -892754296 -892754294 -892754289 -892754268 -892754257 -892754248 -892754236 -892754228 -892754217 -892754198 -892754185 -892754165 -892754162
TestCase-67
-255874708
-255873930
43
-255874673 -255874658 -255874657 -255874643 -255874585 -255874520 -255874493 -255874492 -255874465 -255874464 -255874454 -255874439 -255874406 -255874354 -255874350 -255874309 -255874305 -255874296 -255874282 -255874273 -255874268 -255874264 -255874255 -255874246 -255874235 -255874219 -255874215 -255874201 -255874189 -255874187 -255874173 -255874169 -255874092 -255874089 -255874061 -255874027 -255874022 -255874017 -255874015 -255873997 -255873982 -255873979 -255873953
TestCase-68
311984225
311985041
33
311984239 311984242 311984359 311984384 311984392 311984396 311984462 311984483 311984492 311984507 311984537 311984577 311984596 311984598 311984628 311984642 311984643 311984678 311984681 311984755 311984783 311984845 311984868 311984872 311984896 311984915 311984935 311984941 311984948 311984950 311984990 311984998 311985023
TestCase-69
-662748865
-662748216
25
-662748852 -662748834 -662748831 -662748824 -662748764 -662748755 -662748754 -662748734 -662748726 -662748700 -662748694 -662748661 -662748651 -662748650 -662748639 -662748611 -662748557 -662748449 -662748429 -662748404 -662748399 -662748292 -662748256 -662748255 -662748241
TestCase-70
-838000099
-837999273
41
-838000095 -838000076 -838000049 -838000038 -837999995 -837999990 -837999946 -837999931 -837999863 -837999854 -837999840 -837999815 -837999789 -837999768 -837999747 -837999709 -837999706 -837999696 -837999676 -837999660 -837999655 -837999620 -837999615 -837999598 -837999585 -837999546 -837999529 -837999517 -837999505 -837999501 -837999493 -837999438 -837999399 -837999377 -837999366 -837999332 -837999306 -837999298 -837999293 -837999275 -837999274
TestCase-71
-801384262
-801383562
81
-801384242 -801384237 -801384235 -801384223 -801384213 -801384212 -801384207 -801384205 -801384199 -801384196 -801384173 -801384154 -801384144 -801384142 -801384139 -801384127 -801384088 -801384084 -801384076 -801384063 -801384058 -801384052 -801384044 -801384037 -801384028 -801384025 -801384013 -801383996 -801383982 -801383981 -801383971 -801383967 -801383964 -801383956 -801383948 -801383935 -801383933 -801383924 -801383921 -801383920 -801383919 -801383906 -801383905 -801383901 -801383895 -801383890 -801383875 -801383871 -801383867 -801383857 -801383839 -801383813 -801383806 -801383803 -801383790 -801383776 -801383774 -801383763 -801383738 -801383713 -801383712 -801383706 -801383699 -801383682 -801383674 -801383654 -801383652 -801383651 -801383640 -801383637 -801383629 -801383628 -801383627 -801383617 -801383615 -801383607 -801383603 -801383598 -801383595 -801383592 -801383564
TestCase-72
667596768
667597633
87
667596770 667596786 667596794 667596798 667596803 667596822 667596860 667596872 667596875 667596876 667596883 667596885 667596888 667596891 667596930 667596935 667596954 667596955 667596956 667596958 667596959 667596970 667596994 667597003 667597017 667597020 667597024 667597026 667597029 667597034 667597053 667597068 667597075 667597080 667597085 667597105 667597116 667597133 667597136 667597156 667597157 667597162 667597165 667597172 667597187 667597200 667597223 667597234 667597236 667597260 667597264 667597274 667597283 667597286 667597297 667597312 667597324 667597326 667597336 667597338 667597356 667597373 667597385 667597388 667597396 667597428 667597431 667597433 667597448 667597451 667597453 667597456 667597475 667597478 667597482 667597484 667597491 667597494 667597511 667597513 667597539 667597548 667597558 667597584 667597587 667597619 667597625
TestCase-73
402317596
402318322
15
402317605 402317616 402317636 402317694 402317734 402317921 402317931 402317932 402317939 402317943 402317951 402318045 402318117 402318123 402318222
TestCase-74
-116280227
-116279510
38
-116280224 -116280212 -116280207 -116280189 -116280186 -116280172 -116280140 -116280113 -116280110 -116280096 -116280020 -116279955 -116279927 -116279914 -116279911 -116279900 -116279855 -116279838 -116279828 -116279811 -116279804 -116279797 -116279793 -116279774 -116279768 -116279765 -116279761 -116279752 -116279741 -116279735 -116279667 -116279651 -116279617 -116279572 -116279547 -116279537 -116279527 -116279523
TestCase-75
758734153
758734901
4
758734167 758734286 758734330 758734811
TestCase-76
-163355523
-163354666
51
-163355523 -163355516 -163355511 -163355505 -163355500 -163355498 -163355489 -163355480 -163355438 -163355424 -163355413 -163355410 -163355388 -163355364 -163355334 -163355322 -163355309 -163355308 -163355296 -163355272 -163355261 -163355223 -163355219 -163355205 -163355202 -163355183 -163355164 -163355162 -163355160 -163355130 -163355080 -163355077 -163354999 -163354994 -163354914 -163354906 -163354902 -163354889 -163354886 -163354884 -163354855 -163354819 -163354801 -163354780 -163354758 -163354753 -163354728 -163354724 -163354702 -163354700 -163354674
TestCase-77
-21606469
-21605780
50
-21606469 -21606468 -21606451 -21606423 -21606409 -21606402 -21606395 -21606392 -21606380 -21606363 -21606329 -21606324 -21606323 -21606310 -21606307 -21606254 -21606194 -21606185 -21606180 -21606169 -21606166 -21606157 -21606152 -21606133 -21606110 -21606105 -21606103 -21606095 -21606091 -21606067 -21606066 -21606058 -21606042 -21606026 -21605963 -21605951 -21605944 -21605940 -21605936 -21605934 -21605928 -21605925 -21605923 -21605907 -21605832 -21605818 -21605806 -21605798 -21605796 -21605794
TestCase-78
-908644645
-908644106
34
-908644625 -908644612 -908644570 -908644567 -908644554 -908644553 -908644552 -908644525 -908644508 -908644501 -908644493 -908644468 -908644462 -908644416 -908644387 -908644371 -908644370 -908644337 -908644327 -908644301 -908644288 -908644258 -908644243 -908644194 -908644186 -908644183 -908644171 -908644154 -908644150 -908644135 -908644130 -908644113 -908644111 -908644109
TestCase-79
964941313
964941968
87
964941313 964941323 964941329 964941337 964941345 964941348 964941352 964941355 964941365 964941375 964941377 964941381 964941395 964941398 964941402 964941407 964941410 964941413 964941414 964941416 964941418 964941419 964941437 964941443 964941459 964941462 964941474 964941475 964941488 964941496 964941512 964941544 964941545 964941554 964941558 964941566 964941574 964941577 964941589 964941592 964941595 964941603 964941616 964941625 964941627 964941631 964941647 964941652 964941653 964941658 964941662 964941669 964941676 964941683 964941692 964941702 964941715 964941721 964941746 964941749 964941753 964941764 964941767 964941771 964941779 964941782 964941786 964941790 964941792 964941807 964941832 964941836 964941840 964941844 964941845 964941846 964941859 964941863 964941865 964941868 964941871 964941874 964941892 964941904 964941907 964941918 964941939
TestCase-80
-726124267
-726123536
22
-726124209 -726124204 -726124203 -726124199 -726124154 -726124153 -726124134 -726124052 -726124032 -726124025 -726123965 -726123946 -726123898 -726123847 -726123802 -726123782 -726123721 -726123703 -726123581 -726123580 -726123548 -726123537
TestCase-81
696592004
696592813
29
696592052 696592059 696592075 696592155 696592174 696592176 696592197 696592215 696592243 696592266 696592344 696592355 696592363 696592388 696592398 696592418 696592439 696592445 696592454 696592459 696592485 696592494 696592510 696592558 696592665 696592667 696592728 696592750 696592787
TestCase-82
-36824299
-36823780
24
-36824289 -36824275 -36824197 -36824193 -36824167 -36824139 -36824136 -36824133 -36824049 -36823994 -36823960 -36823952 -36823938 -36823932 -36823930 -36823907 -36823902 -36823892 -36823889 -36823861 -36823825 -36823813 -36823804 -36823791
TestCase-83
788511792
788512328
93
788511795 788511801 788511804 788511808 788511809 788511813 788511821 788511822 788511824 788511830 788511841 788511847 788511849 788511867 788511871 788511880 788511881 788511884 788511885 788511888 788511891 788511894 788511896 788511905 788511909 788511916 788511925 788511926 788511944 788511948 788511952 788511953 788511956 788511970 788511976 788511978 788511983 788512015 788512018 788512029 788512030 788512034 788512037 788512051 788512053 788512054 788512055 788512068 788512075 788512083 788512088 788512089 788512091 788512101 788512104 788512108 788512109 788512129 788512148 788512149 788512162 788512164 788512171 788512178 788512181 788512182 788512185 788512186 788512196 788512204 788512209 788512210 788512217 788512218 788512222 788512230 788512232 788512235 788512257 788512262 788512266 788512274 788512275 788512279 788512283 788512298 788512300 788512302 788512310 788512316 788512319 788512325 788512328
TestCase-84
-350968206
-350967284
67
-350968206 -350968178 -350968137 -350968134 -350968118 -350968077 -350968073 -350968040 -350968023 -350968017 -350968011 -350968008 -350967993 -350967989 -350967949 -350967938 -350967937 -350967930 -350967886 -350967884 -350967875 -350967842 -350967840 -350967814 -350967812 -350967791 -350967786 -350967768 -350967762 -350967746 -350967737 -350967736 -350967719 -350967713 -350967707 -350967691 -350967690 -350967667 -350967658 -350967619 -350967610 -350967608 -350967577 -350967573 -350967565 -350967533 -350967525 -350967516 -350967504 -350967497 -350967494 -350967492 -350967488 -350967468 -350967458 -350967452 -350967394 -350967386 -350967333 -350967332 -350967325 -350967324 -350967322 -350967320 -350967301 -350967293 -350967289
TestCase-85
-272302396
-272301653
87
-272302385 -272302373 -272302370 -272302369 -272302357 -272302347 -272302342 -272302332 -272302301 -272302283 -272302281 -272302273 -272302271 -272302261 -272302254 -272302245 -272302240 -272302227 -272302217 -272302214 -272302184 -272302172 -272302169 -272302147 -272302137 -272302134 -272302133 -272302128 -272302123 -272302117 -272302105 -272302104 -272302101 -272302097 -272302090 -272302085 -272302078 -272302072 -272302062 -272302059 -272302040 -272302038 -272302031 -272302019 -272302014 -272302010 -272302008 -272301991 -272301985 -272301982 -272301977 -272301956 -272301943 -272301935 -272301932 -272301923 -272301916 -272301909 -272301891 -272301870 -272301857 -272301855 -272301835 -272301830 -272301828 -272301820 -272301819 -272301816 -272301785 -272301779 -272301775 -272301771 -272301768 -272301767 -272301764 -272301754 -272301736 -272301728 -272301720 -272301712 -272301702 -272301696 -272301695 -272301675 -272301669 -272301658 -272301654
TestCase-86
297638569
297639404
74
297638579 297638602 297638615 297638617 297638618 297638624 297638647 297638657 297638668 297638674 297638675 297638692 297638696 297638718 297638731 297638739 297638759 297638769 297638771 297638773 297638784 297638785 297638816 297638820 297638828 297638832 297638844 297638848 297638858 297638859 297638867 297638873 297638900 297638911 297638921 297638928 297638943 297638947 297638952 297638993 297638995 297639022 297639031 297639066 297639083 297639088 297639097 297639114 297639119 297639121 297639130 297639147 297639155 297639164 297639167 297639172 297639186 297639208 297639211 297639235 297639243 297639257 297639265 297639276 297639279 297639282 297639298 297639314 297639331 297639335 297639337 297639343 297639349 297639398
TestCase-87
-202451375
-202450743
69
-202451371 -202451363 -202451358 -202451349 -202451348 -202451342 -202451333 -202451326 -202451325 -202451319 -202451317 -202451302 -202451282 -202451268 -202451252 -202451251 -202451241 -202451234 -202451228 -202451226 -202451211 -202451163 -202451144 -202451139 -202451136 -202451121 -202451114 -202451109 -202451093 -202451083 -202451074 -202451072 -202451069 -202451065 -202451064 -202451059 -202451049 -202451017 -202451002 -202450998 -202450988 -202450986 -202450978 -202450962 -202450953 -202450939 -202450915 -202450914 -202450901 -202450898 -202450897 -202450895 -202450859 -202450843 -202450835 -202450834 -202450830 -202450824 -202450820 -202450807 -202450803 -202450799 -202450792 -202450770 -202450764 -202450753 -202450752 -202450747 -202450745
TestCase-88
-88790952
-88790020
62
-88790942 -88790921 -88790890 -88790878 -88790875 -88790872 -88790852 -88790848 -88790841 -88790832 -88790817 -88790810 -88790801 -88790791 -88790767 -88790759 -88790755 -88790736 -88790721 -88790716 -88790708 -88790697 -88790677 -88790673 -88790659 -88790648 -88790640 -88790635 -88790569 -88790555 -88790495 -88790487 -88790465 -88790457 -88790448 -88790438 -88790431 -88790415 -88790413 -88790411 -88790389 -88790368 -88790356 -88790341 -88790337 -88790318 -88790310 -88790263 -88790203 -88790201 -88790199 -88790198 -88790193 -88790190 -88790188 -88790184 -88790179 -88790177 -88790159 -88790158 -88790091 -88790027
TestCase-89
-403270070
-403269519
22
-403270030 -403270027 -403270020 -403270015 -403270014 -403269988 -403269978 -403269972 -403269971 -403269927 -403269914 -403269878 -403269817 -403269809 -403269777 -403269767 -403269762 -403269719 -403269705 -403269666 -403269620 -403269593
TestCase-90
-330972700
-330972163
29
-330972694 -330972680 -330972644 -330972624 -330972606 -330972585 -330972543 -330972533 -330972511 -330972509 -330972495 -330972468 -330972454 -330972445 -330972421 -330972416 -330972381 -330972361 -330972339 -330972330 -330972325 -330972313 -330972240 -330972224 -330972214 -330972213 -330972201 -330972196 -330972167
TestCase-91
646783113
646783989
29
646783117 646783154 646783163 646783250 646783291 646783294 646783326 646783358 646783377 646783381 646783387 646783435 646783438 646783439 646783491 646783504 646783525 646783528 646783564 646783570 646783609 646783625 646783644 646783657 646783754 646783776 646783797 646783887 646783958
TestCase-92
-470312476
-470311544
34
-470312413 -470312399 -470312294 -470312284 -470312269 -470312250 -470312235 -470312225 -470312177 -470312130 -470312118 -470312115 -470312081 -470312078 -470312057 -470312047 -470312021 -470312001 -470311991 -470311969 -470311946 -470311931 -470311858 -470311847 -470311775 -470311740 -470311704 -470311675 -470311668 -470311644 -470311643 -470311641 -470311636 -470311577
TestCase-93
-971389953
-971389134
62
-971389942 -971389939 -971389912 -971389900 -971389897 -971389895 -971389891 -971389889 -971389888 -971389869 -971389841 -971389840 -971389838 -971389807 -971389806 -971389794 -971389792 -971389788 -971389786 -971389748 -971389737 -971389723 -971389714 -971389679 -971389665 -971389639 -971389616 -971389612 -971389604 -971389593 -971389585 -971389569 -971389563 -971389561 -971389560 -971389520 -971389516 -971389480 -971389465 -971389459 -971389429 -971389421 -971389420 -971389415 -971389388 -971389366 -971389352 -971389339 -971389283 -971389282 -971389281 -971389278 -971389268 -971389253 -971389202 -971389200 -971389194 -971389189 -971389185 -971389178 -971389141 -971389139
TestCase-94
-926051211
-926050295
6
-926051182 -926051165 -926051016 -926050621 -926050500 -926050443
TestCase-95
576534143
576534647
97
576534151 576534153 576534154 576534156 576534161 576534163 576534165 576534172 576534182 576534187 576534206 576534213 576534225 576534231 576534232 576534234 576534238 576534239 576534240 576534246 576534247 576534251 576534255 576534257 576534260 576534267 576534269 576534276 576534277 576534281 576534283 576534286 576534290 576534292 576534297 576534301 576534305 576534312 576534318 576534322 576534325 576534327 576534328 576534329 576534333 576534334 576534348 576534356 576534357 576534363 576534367 576534376 576534384 576534385 576534395 576534399 576534409 576534412 576534414 576534416 576534426 576534430 576534431 576534438 576534440 576534444 576534449 576534457 576534458 576534463 576534471 576534475 576534487 576534492 576534499 576534522 576534550 576534552 576534556 576534564 576534567 576534571 576534588 576534589 576534598 576534600 576534605 576534608 576534615 576534617 576534624 576534627 576534628 576534633 576534638 576534639 576534642
TestCase-96
-634712814
-634712049
94
-634712794 -634712786 -634712784 -634712783 -634712777 -634712773 -634712755 -634712743 -634712742 -634712737 -634712718 -634712711 -634712709 -634712706 -634712703 -634712698 -634712682 -634712666 -634712638 -634712603 -634712593 -634712590 -634712588 -634712585 -634712580 -634712571 -634712563 -634712552 -634712549 -634712547 -634712527 -634712525 -634712521 -634712514 -634712513 -634712512 -634712511 -634712510 -634712497 -634712484 -634712479 -634712471 -634712461 -634712457 -634712447 -634712441 -634712433 -634712413 -634712409 -634712402 -634712400 -634712393 -634712384 -634712378 -634712370 -634712351 -634712340 -634712313 -634712307 -634712285 -634712284 -634712277 -634712270 -634712266 -634712261 -634712258 -634712257 -634712244 -634712235 -634712232 -634712220 -634712219 -634712199 -634712191 -634712184 -634712182 -634712178 -634712173 -634712171 -634712148 -634712142 -634712139 -634712130 -634712111 -634712108 -634712098 -634712092 -634712080 -634712071 -634712065 -634712063 -634712060 -634712056 -634712055
TestCase-97
578409111
578409984
33
578409192 578409202 578409210 578409224 578409243 578409255 578409269 578409328 578409363 578409409 578409411 578409462 578409466 578409474 578409484 578409485 578409500 578409513 578409517 578409551 578409571 578409576 578409610 578409621 578409705 578409739 578409775 578409814 578409863 578409872 578409932 578409966 578409982
TestCase-98
-368952136
-368951603
86
-368952133 -368952132 -368952130 -368952123 -368952114 -368952104 -368952097 -368952089 -368952088 -368952087 -368952086 -368952085 -368952074 -368952069 -368952068 -368952065 -368952062 -368952061 -368952057 -368952049 -368952036 -368952032 -368952021 -368952020 -368952012 -368952008 -368952000 -368951995 -368951993 -368951988 -368951985 -368951982 -368951956 -368951951 -368951950 -368951942 -368951938 -368951934 -368951930 -368951916 -368951907 -368951858 -368951857 -368951852 -368951849 -368951842 -368951837 -368951832 -368951819 -368951810 -368951800 -368951799 -368951797 -368951791 -368951789 -368951778 -368951774 -368951772 -368951770 -368951762 -368951759 -368951758 -368951754 -368951747 -368951742 -368951739 -368951721 -368951700 -368951698 -368951693 -368951683 -368951682 -368951671 -368951669 -368951661 -368951656 -368951654 -368951649 -368951646 -368951641 -368951640 -368951630 -368951628 -368951613 -368951612 -368951608
TestCase-99
860954244
860954915
87
860954246 860954249 860954250 860954256 860954261 860954266 860954277 860954280 860954283 860954293 860954302 860954308 860954309 860954313 860954353 860954362 860954371 860954375 860954378 860954403 860954414 860954434 860954446 860954450 860954459 860954461 860954470 860954484 860954485 860954489 860954496 860954497 860954513 860954526 860954533 860954534 860954551 860954553 860954561 860954562 860954563 860954575 860954590 860954600 860954607 860954625 860954628 860954635 860954648 860954664 860954669 860954677 860954681 860954684 860954685 860954692 860954707 860954714 860954717 860954722 860954725 860954732 860954743 860954744 860954745 860954747 860954762 860954769 860954781 860954782 860954802 860954805 860954824 860954830 860954856 860954859 860954864 860954871 860954873 860954876 860954878 860954883 860954884 860954894 860954898 860954911 860954915
TestCase-100
-809807900
-809807106
89
-809807898 -809807890 -809807885 -809807879 -809807856 -809807838 -809807832 -809807825 -809807817 -809807805 -809807803 -809807802 -809807792 -809807788 -809807772 -809807769 -809807761 -809807749 -809807734 -809807710 -809807706 -809807696 -809807676 -809807669 -809807651 -809807643 -809807628 -809807622 -809807603 -809807598 -809807593 -809807588 -809807586 -809807549 -809807546 -809807538 -809807536 -809807527 -809807524 -809807517 -809807509 -809807503 -809807500 -809807495 -809807472 -809807465 -809807453 -809807445 -809807444 -809807440 -809807433 -809807423 -809807419 -809807416 -809807415 -809807408 -809807403 -809807396 -809807392 -809807378 -809807376 -809807353 -809807348 -809807326 -809807324 -809807311 -809807308 -809807306 -809807297 -809807285 -809807278 -809807264 -809807262 -809807248 -809807242 -809807235 -809807222 -809807218 -809807217 -809807200 -809807198 -809807196 -809807179 -809807178 -809807176 -809807155 -809807137 -809807108 -809807106
TestCase-101
1
30
5
2 5 8 15 28
TestCase-102
-10
10
6
-10 -7 -4 0 3 9
TestCase-103
5
9
1
7
TestCase-104
1
5
5
1 2 3 4 5
