510
TestCase-1
26
99 79 66 53 38 48 50 20 96 20 84 94 17 2 73 17 85 93 50 84 14 14 63 41 36 52
TestCase-2
80
23 90 60 51 19 47 83 44 49 9 27 4 82 14 62 27 22 44 100 59 16 11 98 7 39 73 9 93 2 41 16 22 64 77 54 39 78 27 91 60 23 30 63 41 16 37 18 11 100 17 15 4 46 90 46 27 45 39 84 47 55 62 89 86 13 83 84 22 48 61 48 99 45 64 92 4 93 49 93 36
TestCase-3
11
45 81 6 89 27 31 19 60 81 39 22
TestCase-4
55
71 35 64 74 13 27 6 99 34 3 81 66 3 45 6 65 62 26 37 98 77 32 6 56 73 44 42 28 27 23 83 11 34 54 11 7 21 72 7 1 44 19 8 37 21 6 99 48 32 43 78 34 35 25 38
TestCase-5
42
90 96 25 95 56 19 64 66 15 62 39 84 45 93 22 9 9 69 10 36 100 3 2 31 81 65 23 85 93 87 19 51 46 30 76 67 73 70 52 21 64 47
TestCase-6
57
10 79 2 5 38 83 59 62 53 96 55 30 70 31 49 65 58 38 83 63 11 8 88 12 4 35 74 46 65 81 98 27 22 18 15 82 33 60 20 85 80 53 61 5 93 86 85 37 4 48 7 88 6 3 50 71 87
TestCase-7
63
1 50 5 66 30 63 52 31 6 98 41 31 24 29 42 93 98 73 72 98 4 97 29 39 36 98 89 38 34 85 36 11 99 89 76 38 89 8 39 77 35 69 31 37 15 70 34 21 85 44 1 12 23 24 65 78 61 91 30 37 68 66 7
TestCase-8
23
68 77 55 67 75 17 1 89 99 49 9 73 26 36 90 96 75 28 56 76 96 7 39
TestCase-9
61
13 35 74 25 22 92 93 60 79 37 55 41 52 84 73 67 54 13 53 99 37 51 53 48 21 1 29 42 58 22 95 26 53 45 93 31 60 43 78 32 55 100 80 1 40 34 19 57 23 81 43 58 90 57 8 77 64 76 76 73 91
TestCase-10
3
95 16 88
TestCase-11
89
21 94 3 10 12 40 85 59 75 12 29 22 9 29 65 79 58 39 16 21 75 12 61 30 60 18 70 51 16 47 11 67 8 14 8 28 12 71 52 50 69 46 83 55 18 59 70 16 62 38 35 94 33 61 45 94 3 57 82 95 23 67 46 12 42 11 59 84 92 54 90 57 55 59 63 42 89 24 8 38 88 27 22 19 60 33 54 31 68
TestCase-12
83
69 11 8 99 52 42 70 34 85 66 32 71 2 5 4 11 40 82 51 96 63 63 65 8 50 79 33 61 8 82 4 16 5 78 12 35 95 55 3 74 40 26 42 20 46 14 50 55 99 49 89 43 83 16 44 5 85 3 14 41 62 37 50 68 17 64 23 35 83 54 81 98 57 29 69 73 34 39 6 18 4 76 43
TestCase-13
46
84 78 79 86 63 90 42 6 57 97 65 97 94 11 19 23 40 19 76 30 28 73 45 47 33 6 46 79 47 22 32 65 85 9 32 65 25 15 13 38 56 54 44 36 69 51
TestCase-14
50
89 49 31 65 60 38 92 31 44 73 75 87 56 85 37 39 70 81 35 39 89 96 99 8 65 48 5 7 85 19 18 11 96 22 44 8 91 25 96 56 60 47 77 33 74 5 84 93 31 56
TestCase-15
7
19 62 92 68 52 30 7
TestCase-16
8
74 61 76 64 27 15 62 70
TestCase-17
73
60 93 61 72 81 56 88 29 15 33 95 11 2 51 19 54 31 46 47 25 94 41 74 15 11 67 21 37 60 5 50 17 52 89 92 21 31 43 95 9 84 63 9 35 48 80 86 34 8 83 83 50 80 70 58 100 20 67 46 62 86 29 63 35 19 47 88 86 41 6 31 12 20
TestCase-18
23
89 97 52 29 53 69 100 37 83 53 27 27 85 29 87 78 32 58 85 20 50 5 97
TestCase-19
45
39 59 20 28 85 35 62 99 9 10 23 44 80 27 60 69 38 25 42 73 11 10 53 24 65 59 59 44 2 43 37 56 44 86 70 79 59 50 76 26 61 63 82 7 61
TestCase-20
82
98 65 10 93 18 21 65 74 9 90 54 69 26 76 26 40 8 91 34 12 53 47 42 27 35 48 34 45 72 38 93 100 15 91 77 47 93 80 31 31 1 7 71 49 71 6 22 41 60 80 7 93 76 74 5 66 27 11 8 66 100 76 84 91 46 84 100 49 93 68 17 46 67 100 7 9 72 98 39 30 60 62
TestCase-21
85
18 22 15 83 41 29 62 23 13 64 87 55 48 38 36 91 3 94 79 18 10 16 48 65 65 4 66 93 49 39 41 11 26 2 40 92 72 5 76 48 38 80 58 100 91 54 59 45 34 19 5 3 54 48 7 82 1 79 69 75 4 23 71 52 40 14 51 50 16 89 70 9 30 23 56 74 56 27 17 95 2 59 100 42 74
TestCase-22
83
6 67 87 54 1 28 44 89 43 55 39 33 71 33 88 58 56 65 86 88 89 35 13 46 56 43 61 100 69 11 67 51 57 84 50 87 69 96 32 38 85 30 94 22 56 92 81 3 66 100 96 20 91 69 19 44 36 14 76 2 84 41 69 94 79 98 69 51 24 42 97 69 75 45 42 51 54 87 40 76 80 35 66
TestCase-23
64
63 91 69 25 23 49 44 20 91 38 70 75 14 71 43 74 82 92 31 30 84 67 83 3 77 91 42 70 7 24 38 23 90 57 11 33 36 1 93 16 14 82 7 95 22 19 26 90 59 91 17 100 83 51 35 89 37 20 58 54 58 14 89 79
TestCase-24
83
26 53 80 97 98 43 73 75 24 49 19 60 24 46 8 12 55 70 20 80 67 96 56 26 88 57 56 1 6 30 67 69 61 96 41 30 16 5 18 33 80 43 12 21 52 3 32 95 4 7 22 59 88 66 10 89 11 93 89 18 98 81 67 1 50 38 36 89 72 11 41 10 39 88 85 14 78 95 81 96 36 18 28
TestCase-25
19
80 81 5 98 70 6 98 56 84 96 75 48 42 75 12 34 46 78 64
TestCase-26
7
31 52 40 96 83 89 34
TestCase-27
25
23 95 15 35 27 29 31 34 70 95 51 22 90 87 38 16 41 100 38 91 3 58 33 26 76
TestCase-28
89
38 16 21 63 96 95 41 77 76 46 64 4 99 34 83 55 3 35 29 3 80 85 91 98 15 89 8 56 95 49 79 42 17 91 1 19 35 4 11 3 7 30 72 28 2 52 67 83 42 9 78 61 74 77 99 57 30 100 41 1 70 54 34 58 98 98 89 96 55 5 11 6 16 46 97 61 18 97 50 15 34 95 28 77 94 15 83 87 46
TestCase-29
36
65 71 88 22 72 10 68 48 51 37 54 1 46 41 11 27 59 28 23 12 74 76 2 29 83 76 54 78 56 86 19 96 78 71 82 79
TestCase-30
76
53 25 92 53 22 3 54 22 49 71 4 98 52 22 98 87 9 18 63 6 52 82 37 13 82 47 2 34 31 95 21 90 74 31 11 67 40 98 79 55 40 94 39 95 13 30 6 77 46 84 89 98 1 49 21 40 94 25 56 40 55 61 87 88 50 65 95 8 13 81 7 92 45 56 84 42
TestCase-31
72
51 12 7 35 97 49 59 56 60 93 13 62 52 44 95 26 3 43 7 74 73 70 25 69 92 6 90 27 4 44 68 47 59 71 64 69 54 89 6 88 31 37 68 47 55 80 74 21 31 9 60 98 70 80 71 42 78 25 42 42 84 42 91 8 100 34 79 57 10 66 20 35
TestCase-32
91
61 40 57 79 62 80 24 92 15 26 28 80 40 86 81 55 27 23 59 49 55 52 19 81 9 73 59 76 25 1 25 73 77 99 55 28 93 82 3 81 92 85 8 53 4 1 7 37 70 35 97 2 59 62 44 84 34 64 81 54 29 97 18 38 74 24 76 30 93 10 29 8 2 47 3 92 11 91 42 13 29 39 19 52 33 94 18 61 63 56 22
TestCase-33
33
56 20 95 59 99 42 86 92 100 4 58 17 39 68 96 80 19 96 50 95 42 34 93 49 67 53 4 84 16 23 30 93 98
TestCase-34
13
27 27 44 43 60 47 4 97 89 100 99 21 4
TestCase-35
20
69 75 25 70 54 5 17 95 17 64 37 38 20 26 53 78 96 29 34 15
TestCase-36
83
39 31 93 87 30 24 98 32 63 54 38 72 41 23 44 40 45 60 35 64 35 99 4 34 76 54 34 62 72 71 73 100 88 77 7 61 10 12 74 86 73 24 49 90 69 84 45 9 35 18 62 78 25 85 53 5 35 85 16 70 93 16 81 68 84 2 18 74 29 72 88 67 3 96 87 42 96 55 37 64 78 27 56
TestCase-37
71
83 2 71 71 58 98 66 61 23 57 50 57 50 2 33 17 75 37 64 17 42 57 89 38 64 61 16 1 76 40 1 58 18 70 20 56 65 75 49 41 3 49 76 49 75 16 70 87 65 84 53 82 32 73 29 20 72 58 90 79 12 60 4 42 51 55 57 32 90 13 21
TestCase-38
91
45 83 49 4 59 88 31 42 33 73 43 25 31 17 60 85 14 45 65 79 36 98 8 5 46 50 83 72 64 53 11 66 33 51 42 15 4 95 97 55 4 38 30 95 72 39 75 9 68 11 95 13 12 97 69 11 77 41 61 78 83 10 44 94 32 51 30 94 93 5 22 34 4 90 75 4 7 86 78 70 84 37 55 34 16 21 23 95 28 37 10
TestCase-39
67
17 74 79 44 32 49 54 95 53 50 8 95 100 10 44 19 48 52 62 5 86 98 91 8 77 34 78 11 4 12 53 20 31 11 38 76 3 11 96 92 66 41 82 48 10 59 3 78 81 12 23 14 62 51 24 57 13 18 100 53 70 1 7 20 17 56 93
TestCase-40
94
80 32 98 49 55 74 97 85 41 30 67 61 8 33 58 86 97 27 67 91 33 48 45 48 45 100 32 39 32 21 62 65 35 86 5 20 11 15 63 39 95 1 92 25 55 75 78 3 12 63 100 31 50 51 100 31 85 18 43 29 54 49 86 69 16 59 83 6 90 86 3 19 98 51 51 31 83 71 14 92 4 13 38 45 94 66 9 29 29 53 1 79 9 46
TestCase-41
14
74 23 48 48 82 60 91 46 48 9 2 41 14 70
TestCase-42
33
76 71 93 51 76 99 61 76 45 31 34 54 71 32 68 96 30 47 27 5 38 16 96 39 56 99 28 100 59 26 83 5 60
TestCase-43
10
32 25 74 72 89 64 34 62 13 66
TestCase-44
62
98 46 80 39 7 84 9 96 67 10 16 100 39 32 66 97 27 53 29 27 21 24 60 45 13 61 28 7 54 82 16 24 57 29 79 20 70 39 15 76 23 86 4 28 68 55 75 24 87 55 61 29 75 85 5 27 46 26 84 76 45 78
TestCase-45
100
75 37 88 49 24 91 5 36 91 29 45 39 15 10 65 95 80 31 4 33 34 42 92 18 52 82 58 91 52 35 3 56 20 67 55 41 41 58 58 43 62 65 99 93 73 31 97 96 91 94 92 65 90 85 87 2 90 60 39 83 97 30 70 1 20 45 42 13 47 68 51 29 99 49 66 91 36 22 35 54 88 34 67 15 83 63 25 35 38 96 59 85 83 13 92 75 36 97 65 27
TestCase-46
81
14 97 94 2 43 2 1 42 81 70 40 10 67 87 37 95 38 9 86 29 78 57 23 93 78 68 70 67 18 9 33 76 75 100 24 73 65 33 80 46 75 3 24 18 84 100 21 6 55 63 22 32 58 38 93 71 5 12 29 31 67 13 50 88 13 27 54 53 79 98 24 52 42 99 84 76 50 5 88 50 93
TestCase-47
88
57 6 55 24 29 83 67 85 98 59 84 95 43 11 61 98 45 94 73 81 30 66 61 7 37 56 33 79 54 67 67 7 38 59 82 94 90 84 53 34 71 75 67 65 89 24 74 75 49 21 51 81 77 27 42 65 23 47 100 71 49 40 49 6 71 3 8 64 66 75 31 76 54 52 54 45 60 43 11 92 24 84 92 72 50 57 100 92
TestCase-48
94
48 4 77 31 68 17 31 21 48 44 19 42 82 83 44 15 51 90 34 67 23 86 2 98 3 89 27 16 89 1 72 70 74 10 44 82 100 57 6 80 57 61 6 59 87 17 49 8 17 72 10 98 46 20 38 71 55 11 50 54 4 94 27 62 77 58 64 37 12 6 89 3 59 76 46 52 48 37 46 15 78 55 64 73 22 29 66 90 81 100 96 57 17 83
TestCase-49
68
11 21 21 2 78 12 89 41 65 2 76 91 51 79 84 33 1 68 62 81 50 11 43 38 34 58 16 76 23 28 57 55 6 7 25 41 71 90 24 36 90 69 18 84 30 5 64 65 56 29 49 88 4 10 86 84 65 19 28 91 41 2 10 91 21 71 49 13
TestCase-50
99
78 77 62 80 47 66 45 4 68 1 89 47 25 36 77 43 49 36 17 77 86 6 34 20 20 13 58 1 2 2 34 89 24 94 9 56 92 40 47 2 99 13 32 98 38 8 4 83 43 12 55 69 37 68 43 21 96 79 98 100 56 58 95 52 13 12 83 95 68 4 48 55 7 85 92 33 92 24 26 53 69 1 74 3 48 2 30 93 79 79 14 24 37 92 47 93 89 80 33
TestCase-51
20
92 81 10 70 48 59 65 58 49 24 90 57 69 29 34 79 53 60 78 80
TestCase-52
66
98 25 53 54 55 11 86 98 7 94 6 19 99 61 20 51 3 64 19 96 93 26 31 15 48 76 59 18 100 95 68 12 31 99 21 81 31 29 11 19 99 78 27 15 78 56 55 4 64 31 8 14 90 92 68 97 95 23 13 79 48 86 11 16 27 77
TestCase-53
84
2 6 37 55 35 85 39 83 84 14 45 58 79 33 12 45 9 48 81 37 76 72 83 32 69 26 66 71 36 56 89 2 8 27 14 9 79 79 15 69 89 97 97 53 57 26 57 85 72 24 63 58 68 20 98 38 44 21 95 7 17 31 95 51 44 92 83 100 35 4 14 21 47 47 15 100 47 83 26 50 56 33 44 81
TestCase-54
31
24 79 30 95 4 39 69 42 46 89 53 54 99 30 8 24 24 52 91 58 34 8 23 97 98 20 46 63 44 74 18
TestCase-55
83
72 92 41 8 44 95 4 3 30 68 72 77 13 100 24 18 64 58 11 28 22 15 25 88 88 27 15 29 97 43 12 80 36 98 26 37 24 83 29 13 54 29 39 13 51 12 74 8 78 63 33 53 84 69 85 78 16 59 86 77 39 67 71 9 85 84 43 3 46 81 45 27 55 57 36 100 34 60 92 25 7 74 4
TestCase-56
26
54 1 89 82 59 63 72 52 89 8 78 24 72 91 67 43 46 10 89 10 32 32 31 51 85 92
TestCase-57
47
18 59 72 83 64 81 17 10 44 99 83 45 21 53 62 49 29 28 98 96 43 78 93 2 100 38 26 97 92 96 61 72 60 82 2 26 95 66 8 66 84 60 13 2 5 31 27
TestCase-58
25
98 24 91 82 31 13 91 40 5 32 69 44 60 81 85 23 54 43 28 74 100 76 76 88 51
TestCase-59
98
65 14 86 63 29 9 83 90 30 100 75 90 30 38 96 88 3 79 22 49 67 6 37 23 86 47 87 85 80 43 42 65 93 13 90 96 28 82 89 29 92 99 10 76 20 10 73 38 78 9 1 36 97 2 22 26 43 78 50 36 23 7 32 12 48 49 54 87 28 69 76 2 99 25 52 94 56 1 67 62 93 36 48 96 67 97 62 77 73 26 37 5 61 96 59 87 33 60
TestCase-60
8
40 24 10 42 32 27 21 74
TestCase-61
30
75 77 85 17 58 51 57 18 37 80 28 68 30 91 28 56 87 48 14 100 36 95 55 54 41 73 65 52 22 33
TestCase-62
30
88 90 67 91 22 56 100 37 41 12 53 14 45 82 41 74 25 53 45 32 97 16 24 74 62 33 34 30 22 37
TestCase-63
81
53 88 2 25 34 87 59 84 95 37 58 65 12 25 75 73 15 24 69 81 85 49 17 44 100 78 14 32 34 27 57 70 16 73 24 2 13 83 20 1 12 99 16 36 66 26 33 45 41 17 59 60 32 54 11 88 25 97 45 98 62 51 27 1 18 43 85 71 40 82 84 70 42 90 90 30 17 83 51 55 18
TestCase-64
73
16 91 36 68 58 38 31 15 13 63 6 1 46 34 56 57 15 76 97 85 32 5 31 97 53 36 41 19 93 23 5 50 68 6 63 14 83 24 96 9 46 40 86 78 13 94 82 52 93 23 45 43 37 36 84 29 58 45 28 65 99 26 14 72 24 1 95 91 87 25 30 16 51
TestCase-65
59
56 56 85 63 91 53 62 79 24 19 26 30 14 27 26 81 16 17 50 54 80 85 47 62 55 98 44 64 93 38 95 51 50 30 93 80 53 11 38 63 43 66 78 60 37 43 30 42 20 46 68 51 30 76 85 24 97 40 57
TestCase-66
28
55 15 61 46 99 51 90 74 36 74 12 21 93 95 88 80 33 86 26 43 12 39 20 40 18 44 89 97
TestCase-67
62
88 84 97 78 31 96 4 62 12 59 100 86 2 6 59 39 80 32 88 49 90 84 2 78 15 71 69 66 21 17 3 20 1 95 34 39 98 27 14 54 10 95 82 60 23 60 84 20 52 47 35 12 18 31 10 13 70 4 89 22 46 89
TestCase-68
18
67 74 28 25 52 70 90 19 37 82 90 26 32 16 72 60 32 67
TestCase-69
31
93 98 42 69 83 88 60 33 15 61 45 2 22 58 16 92 33 17 3 23 93 79 11 69 7 85 72 47 28 97 94
TestCase-70
27
100 57 19 34 27 15 44 3 26 87 82 78 77 99 53 23 43 72 8 84 99 96 60 81 7 94 99
TestCase-71
32
78 53 59 96 77 10 2 61 40 38 55 7 64 24 95 42 61 43 21 77 47 31 90 27 49 33 80 88 58 51 84 35
TestCase-72
19
4 40 48 6 26 94 22 88 33 80 89 71 15 98 71 62 28 22 31
TestCase-73
5
96 19 38 37 6
TestCase-74
51
75 93 89 8 32 72 6 7 42 19 63 83 54 35 77 85 40 46 23 91 61 9 20 4 25 85 78 49 83 52 35 53 10 53 92 84 69 80 10 61 21 96 19 82 12 15 36 31 84 78 96
TestCase-75
30
71 6 30 58 87 35 97 21 59 77 21 24 74 86 44 28 5 14 9 25 6 6 33 12 74 94 40 41 39 7
TestCase-76
26
71 13 84 55 57 67 60 56 50 59 78 67 9 15 55 44 1 85 56 41 59 59 1 64 84 70
TestCase-77
59
16 20 27 71 90 47 96 64 89 13 58 80 59 97 42 82 54 73 35 2 38 80 10 87 14 87 26 55 46 6 69 9 37 76 63 58 24 35 26 25 17 49 60 28 81 72 69 20 46 49 4 24 98 99 37 68 52 73 11
TestCase-78
77
63 36 90 98 17 89 61 17 71 19 71 89 68 52 86 78 67 12 90 34 30 61 54 45 76 66 27 81 98 66 57 66 36 47 81 21 52 46 67 27 72 42 37 85 21 22 96 68 56 3 60 55 46 91 40 56 49 40 41 19 15 10 56 68 41 29 77 4 13 68 13 50 67 64 31 18 80
TestCase-79
51
56 83 65 83 93 16 9 39 36 53 22 38 65 11 90 63 100 26 52 95 95 45 54 95 93 64 95 45 79 42 87 66 37 1 94 15 20 8 69 48 63 51 62 77 32 51 6 5 20 57 35
TestCase-80
33
29 28 5 62 91 69 54 42 9 62 50 56 8 25 6 24 5 95 63 22 96 5 48 5 15 70 90 41 92 32 68 25 34
TestCase-81
25
43 40 58 1 9 6 66 42 51 60 39 23 2 32 97 48 83 11 22 83 78 20 69 47 81
TestCase-82
33
57 3 72 60 59 49 16 40 34 11 82 73 43 11 81 21 39 37 3 84 80 30 46 41 63 13 19 98 5 82 32 29 71
TestCase-83
82
11 93 43 49 45 49 87 44 31 99 69 4 17 69 56 22 66 9 40 13 68 44 9 98 42 9 69 9 35 15 44 50 5 66 74 15 55 35 84 3 24 31 6 66 23 95 73 100 76 18 30 23 2 29 77 31 28 59 75 37 61 29 45 8 67 90 22 54 28 38 64 62 93 45 30 6 28 63 7 11 47 94
TestCase-84
67
26 39 27 41 19 72 23 37 69 37 57 15 29 67 75 30 70 10 38 38 52 91 57 91 7 71 31 23 17 47 71 99 57 37 20 38 41 19 68 92 87 18 85 43 45 27 7 58 77 45 87 95 6 29 8 25 44 35 69 56 3 27 16 49 42 41 57
TestCase-85
79
5 3 98 62 81 75 19 54 15 57 43 82 22 94 60 14 66 50 82 47 84 32 26 46 9 10 50 57 85 74 56 88 62 54 4 5 54 5 71 75 77 20 5 86 16 47 48 96 42 31 61 4 95 96 54 98 98 86 81 100 82 76 25 50 86 24 15 53 100 54 43 10 89 22 4 77 2 56 91
TestCase-86
74
51 19 85 99 25 67 30 65 19 33 25 32 26 20 69 89 71 55 47 16 60 100 63 1 46 41 23 59 9 66 98 2 59 64 54 95 29 29 97 31 1 3 20 61 12 99 93 59 21 23 32 65 9 4 91 27 43 10 6 89 67 22 25 98 93 80 27 70 88 75 14 11 23 59
TestCase-87
91
80 61 12 62 91 69 12 57 66 10 6 75 44 86 66 5 58 6 80 85 63 26 64 21 75 74 29 82 55 63 62 81 10 55 55 100 43 69 42 18 49 73 68 58 25 74 15 41 76 97 29 52 49 95 31 44 75 3 22 85 48 35 46 92 29 42 56 42 80 35 67 73 47 62 60 58 88 70 18 32 28 59 64 5 41 99 37 27 73 15 45
TestCase-88
42
12 95 56 25 51 54 48 41 86 42 35 85 97 89 35 82 96 73 60 92 51 16 77 50 100 61 30 3 98 58 30 65 72 80 29 92 68 36 76 40 96 66
TestCase-89
11
67 83 51 55 1 5 58 28 55 6 27
TestCase-90
95
30 75 46 74 60 87 32 92 76 63 66 4 46 96 94 6 95 53 97 85 19 75 16 35 80 36 97 21 57 71 80 62 10 5 18 92 31 14 70 2 56 45 59 97 52 89 89 74 23 12 73 94 63 96 22 56 1 76 88 13 59 54 88 86 10 16 28 66 19 22 63 28 35 95 70 46 43 93 93 68 60 75 11 73 39 98 49 99 89 19 18 8 66 68 90
TestCase-91
28
73 27 19 40 19 26 19 70 71 54 26 64 71 85 82 2 20 52 2 59 47 25 2 54 17 31 75 86
TestCase-92
87
50 4 94 33 47 2 48 8 49 58 50 15 29 61 23 3 24 57 57 93 96 26 90 64 27 57 65 25 49 78 75 77 12 63 34 61 59 37 17 43 7 13 79 99 37 24 30 98 43 46 4 45 87 22 94 31 7 94 82 94 49 29 35 48 33 40 49 16 27 2 68 49 44 91 38 26 59 56 22 5 48 59 41 80 100 41 5
TestCase-93
43
38 5 29 42 73 18 18 62 63 14 14 46 8 68 84 33 51 67 95 87 23 68 4 26 24 5 95 76 55 86 65 9 66 37 40 4 97 44 64 74 95 8 74
TestCase-94
70
44 52 76 92 29 83 22 13 92 53 31 20 49 76 84 47 72 83 61 95 23 9 92 57 30 15 11 66 54 80 4 76 68 8 23 90 57 48 96 76 41 84 38 30 31 2 41 100 28 73 40 8 40 37 5 11 54 41 21 71 40 81 34 99 98 69 15 4 59 82
TestCase-95
62
45 57 30 92 40 2 91 80 37 41 11 12 93 30 80 61 47 36 78 5 39 80 37 2 52 85 58 49 35 50 29 37 31 47 26 78 72 6 1 9 39 25 64 42 54 32 88 93 1 31 10 18 12 68 40 35 45 14 74 64 55 61
TestCase-96
11
70 62 80 42 39 72 14 44 95 69 76
TestCase-97
46
78 80 67 33 89 95 5 54 35 29 68 84 43 88 93 71 6 27 81 85 20 4 94 67 36 46 63 52 34 29 98 51 16 65 68 42 33 22 79 39 27 64 79 2 95 12
TestCase-98
35
43 52 86 81 15 65 67 100 27 79 68 1 80 69 36 1 58 60 39 91 94 100 40 98 3 5 41 81 100 17 81 11 81 39 75
TestCase-99
93
2 50 69 32 21 99 39 10 62 93 99 12 79 17 22 75 77 88 22 46 95 62 98 81 38 32 30 43 37 31 26 61 25 11 61 90 14 22 11 90 51 54 41 81 90 95 34 2 92 44 42 99 17 3 35 15 22 36 21 49 96 68 96 52 20 21 23 24 62 76 8 49 73 31 46 19 89 25 95 44 89 73 38 14 82 2 56 10 12 1 98 69 88
TestCase-100
23
64 69 27 57 20 33 78 16 49 19 84 63 34 23 46 83 87 93 73 31 57 2 61
TestCase-101
11
67 34 47 32 43 20 97 45 9 1 41
TestCase-102
31
34 15 94 70 10 14 56 73 80 41 48 82 64 70 50 17 64 37 85 51 27 48 60 91 20 44 16 90 23 15 28
TestCase-103
66
93 38 48 5 24 98 80 54 36 94 57 9 86 23 51 25 70 56 78 97 4 30 38 3 60 67 83 73 99 50 70 77 48 90 50 44 46 11 46 1 16 85 20 74 33 21 81 20 17 75 62 72 29 2 4 47 29 88 12 62 78 65 92 43 31 23
TestCase-104
7
51 1 2 11 64 6 15
TestCase-105
56
56 16 36 70 6 8 69 93 56 57 74 31 12 84 72 36 60 50 40 55 81 6 92 68 58 8 30 19 81 5 97 37 65 89 31 71 69 8 40 18 20 67 87 89 7 97 85 47 100 53 74 49 18 20 19 62
TestCase-106
92
24 57 12 5 47 89 33 77 46 32 11 8 35 49 44 82 46 60 22 39 5 17 47 85 68 81 65 99 83 33 78 68 54 64 77 61 24 90 45 96 52 94 77 90 11 67 52 70 18 85 80 73 53 50 34 82 80 70 31 5 8 3 89 31 28 32 17 29 29 68 97 40 55 45 25 8 3 46 68 79 71 48 66 56 30 84 17 53 49 54 86 52
TestCase-107
5
12 79 89 49 65
TestCase-108
75
43 51 90 21 18 94 64 96 50 31 76 4 93 85 42 1 16 98 80 46 70 38 19 36 85 87 46 90 69 100 28 8 40 100 26 91 21 84 5 34 88 42 13 94 50 98 75 21 82 7 10 48 74 66 59 40 97 36 49 3 32 3 74 25 1 35 67 50 93 28 13 59 84 22 98
TestCase-109
48
36 88 76 64 79 6 68 20 64 68 58 32 87 39 78 38 49 80 61 96 98 87 28 20 31 86 67 25 96 19 8 65 29 66 30 42 66 15 24 59 21 40 57 82 25 28 29 9
TestCase-110
76
41 85 91 95 36 23 18 90 25 99 28 45 73 47 66 27 5 88 69 91 61 53 46 6 84 49 31 8 49 80 13 63 15 50 36 94 23 82 40 4 74 28 42 95 48 56 84 32 70 72 86 72 47 50 82 50 15 57 14 32 26 80 58 58 75 83 70 20 37 12 46 90 11 79 4 73
TestCase-111
15
22 91 12 51 17 38 36 70 37 60 53 5 90 58 23
TestCase-112
3
90 29 48
TestCase-113
64
45 57 31 9 48 31 90 83 3 20 71 50 11 53 49 25 64 77 61 10 11 73 45 3 22 19 50 62 98 47 44 86 52 79 16 62 86 27 81 52 39 96 43 70 64 20 52 96 47 66 20 2 60 68 27 11 23 51 62 79 18 12 74 91
TestCase-114
82
21 61 28 32 60 4 8 79 94 42 16 69 83 64 6 99 65 12 37 75 45 93 93 50 22 22 62 8 30 89 2 2 41 76 3 82 5 72 34 87 89 25 21 46 13 40 24 94 36 19 7 73 42 1 86 64 50 5 77 20 9 64 23 92 97 74 59 67 54 82 62 3 45 88 65 98 68 56 30 62 92 10
TestCase-115
50
81 75 19 90 57 8 35 40 1 85 16 50 66 91 13 98 57 26 31 44 27 38 29 40 71 60 89 22 23 85 99 6 24 22 65 59 21 83 17 76 98 4 61 44 84 66 92 79 54 62
TestCase-116
62
44 90 12 35 34 52 73 52 14 81 29 67 22 92 32 50 68 43 35 37 93 87 71 86 53 72 80 29 31 4 38 83 41 38 64 29 70 55 88 11 26 35 49 32 13 51 39 71 51 3 81 11 14 59 88 25 59 64 6 43 30 15
TestCase-117
24
23 93 31 87 89 75 92 95 18 97 55 6 61 35 21 1 96 65 68 6 58 15 79 1
TestCase-118
55
79 28 48 74 92 42 75 29 95 96 52 3 74 31 27 75 32 81 74 12 77 24 31 60 45 100 36 88 70 63 99 20 8 21 56 34 58 67 26 16 8 78 10 32 9 71 62 54 94 43 35 52 82 32 16
TestCase-119
10
83 53 27 20 65 71 53 31 49 41
TestCase-120
3
66 33 92
TestCase-121
24
24 84 30 69 26 48 45 11 19 55 68 23 69 5 66 24 96 32 73 2 18 70 62 18
TestCase-122
53
68 24 4 87 32 80 32 10 8 2 96 44 91 31 73 37 38 96 23 22 31 62 41 90 45 25 13 15 71 100 25 55 49 44 1 27 1 17 18 25 36 51 62 82 37 12 28 97 13 54 24 61 26
TestCase-123
68
16 41 84 84 30 17 22 91 35 69 15 1 24 57 9 59 94 91 32 65 72 62 46 75 93 5 41 8 55 53 46 42 30 20 52 43 21 6 46 71 37 88 89 53 21 81 95 58 87 81 87 32 13 88 91 33 61 60 84 94 6 95 43 20 29 93 29 100
TestCase-124
42
12 68 31 4 55 5 75 99 25 48 8 52 70 95 61 67 64 98 43 67 50 36 70 79 41 5 59 78 91 28 72 15 88 16 4 15 65 83 90 56 78 10
TestCase-125
10
49 59 73 100 69 17 72 89 84 55
TestCase-126
87
41 54 75 41 55 18 94 81 1 13 32 58 72 3 47 44 69 26 79 24 41 83 2 47 89 26 5 61 44 12 32 69 33 20 14 41 10 88 37 87 4 24 90 74 41 7 11 89 68 78 13 33 79 88 26 32 54 22 78 85 97 96 88 72 45 87 95 34 8 39 43 30 40 38 79 29 68 43 56 35 79 69 27 97 11 23 96
TestCase-127
81
6 86 35 17 29 52 85 34 57 9 27 10 33 46 91 10 87 4 9 12 98 16 53 41 53 24 81 76 73 6 17 69 42 35 59 63 92 30 20 59 90 97 40 69 80 57 89 73 59 89 51 82 88 82 29 99 19 8 35 86 27 55 26 67 3 5 99 66 10 11 96 75 49 77 17 28 32 89 23 32 61
TestCase-128
62
3 73 42 34 4 21 77 81 14 54 32 44 47 13 83 9 25 66 25 24 32 69 12 47 62 90 61 78 61 86 82 17 12 48 93 21 62 77 68 37 88 86 36 5 56 98 13 78 19 60 13 95 71 65 44 67 59 78 35 14 13 84
TestCase-129
57
16 75 92 65 40 46 58 40 83 5 96 67 79 1 66 9 6 75 6 18 57 66 71 27 25 26 99 13 23 39 85 100 96 81 35 90 38 74 11 32 74 44 93 5 8 14 75 25 93 14 20 68 5 14 97 88 89
TestCase-130
40
98 43 22 20 56 11 3 70 47 21 72 37 46 12 90 92 50 26 9 36 10 41 8 96 53 79 30 14 8 12 41 35 77 41 42 43 7 5 57 32
TestCase-131
12
7 32 24 31 64 72 51 20 76 72 98 52
TestCase-132
15
63 56 77 49 98 88 20 82 78 43 58 58 48 75 58
TestCase-133
98
10 47 49 24 85 42 19 90 16 55 92 70 66 87 49 38 21 45 56 30 92 50 78 1 18 75 21 55 63 5 61 51 35 29 24 50 12 38 81 69 31 70 38 72 53 79 54 36 63 16 37 96 4 51 40 46 52 13 86 7 55 13 36 89 70 46 17 50 12 68 1 11 28 47 25 55 36 51 10 64 61 44 62 10 36 74 48 12 28 54 1 59 59 93 3 70 67 14
TestCase-134
34
89 34 39 28 35 24 33 10 9 26 73 41 98 1 45 6 17 67 89 13 5 45 4 79 50 42 64 9 87 53 52 76 46 88
TestCase-135
57
59 99 54 7 41 28 36 33 88 26 66 2 73 97 33 83 9 11 16 13 70 93 15 69 55 57 58 23 57 18 53 85 96 68 5 80 58 1 26 94 20 100 32 10 52 92 74 14 77 62 53 100 58 33 33 63 35
TestCase-136
21
64 82 61 22 28 5 29 74 71 75 41 34 2 72 96 6 80 16 1 37 49
TestCase-137
50
56 73 82 94 23 99 30 13 81 54 77 14 10 11 38 23 66 100 77 50 5 48 10 94 70 3 90 17 2 89 25 38 25 31 76 72 27 100 38 95 34 8 52 58 14 9 5 2 84 32
TestCase-138
84
74 58 11 28 66 98 67 62 63 28 84 39 70 10 64 96 10 11 21 80 3 66 73 47 35 84 43 16 8 59 37 66 99 39 67 68 52 35 93 5 55 14 55 72 81 7 88 1 93 11 50 31 59 63 29 59 1 3 54 8 50 25 43 39 84 7 45 62 95 13 89 20 34 36 96 37 45 67 98 60 7 92 99 81
TestCase-139
38
98 67 31 23 47 51 48 95 70 64 7 90 95 31 34 90 86 74 85 59 93 23 42 4 81 2 91 61 81 4 1 39 42 47 12 60 18 71
TestCase-140
45
99 72 36 7 91 13 3 75 10 45 78 8 18 38 67 29 20 60 56 45 34 46 42 6 88 97 40 87 35 24 73 3 33 39 14 85 90 95 2 70 26 91 39 26 50
TestCase-141
43
38 73 20 79 79 65 1 47 8 93 62 9 7 20 13 57 33 4 37 76 24 42 30 5 40 79 51 44 31 36 1 86 81 19 98 81 60 85 54 62 20 69 2
TestCase-142
37
23 90 90 68 2 58 65 6 33 23 10 16 13 70 64 74 90 74 80 21 90 21 39 69 56 57 17 30 93 15 44 49 97 4 86 35 49
TestCase-143
35
46 28 8 86 33 91 79 57 6 33 86 20 42 97 87 47 88 69 96 82 85 36 62 46 30 69 13 79 9 28 47 87 31 20 22
TestCase-144
79
31 90 77 28 10 75 98 60 36 14 79 26 99 6 38 52 93 43 65 96 54 45 60 81 85 13 15 38 96 32 71 60 14 82 17 46 69 98 24 17 56 34 96 67 7 88 64 47 80 19 15 19 22 62 42 83 48 8 68 76 55 23 20 3 81 35 46 58 50 37 24 52 95 30 50 14 96 98 77
TestCase-145
12
79 41 97 99 54 100 84 53 15 93 7 88
TestCase-146
90
42 95 4 37 1 33 17 88 92 5 2 39 32 19 97 41 89 97 44 85 76 59 19 12 45 41 76 83 86 25 29 22 77 89 71 70 83 64 47 25 96 63 3 77 97 28 88 68 87 91 42 47 78 84 21 18 68 94 81 24 32 44 43 100 78 91 49 12 13 23 34 29 38 27 62 29 47 88 97 33 4 54 1 36 66 33 70 38 24 72
TestCase-147
30
49 94 63 82 36 36 29 3 11 62 67 7 81 81 24 42 96 30 53 94 42 10 88 93 34 29 44 58 71 93
TestCase-148
60
49 63 88 79 37 82 20 36 11 35 85 60 42 92 9 20 12 60 24 82 83 89 21 64 18 85 62 31 39 46 5 20 95 6 91 76 26 59 60 77 25 11 54 64 90 77 54 41 33 80 24 21 6 19 3 19 33 25 24 19
TestCase-149
100
2 47 67 45 76 49 59 63 76 56 41 53 25 50 82 65 15 47 17 47 65 46 16 6 48 96 64 28 83 38 44 64 14 27 25 20 75 92 27 75 8 78 11 1 65 21 6 94 78 7 27 75 60 75 40 24 6 74 99 73 4 51 74 3 50 39 74 99 94 60 89 22 56 96 88 38 60 37 90 17 84 53 48 24 9 38 91 19 90 74 94 32 10 26 49 21 10 23 43 6
TestCase-150
5
98 25 77 57 4
TestCase-151
64
100 58 38 30 32 19 14 28 14 55 68 66 15 57 71 51 82 49 32 67 96 52 39 48 45 55 57 35 41 96 11 93 71 38 36 48 30 72 9 32 52 67 83 23 37 67 21 52 99 99 56 48 15 60 72 91 76 9 11 93 39 3 95 79
TestCase-152
36
22 44 66 17 72 42 18 86 28 25 32 13 20 37 1 91 70 16 91 24 12 75 93 80 2 83 22 68 15 66 4 42 77 57 25 65
TestCase-153
94
41 4 100 10 86 32 24 76 48 11 2 33 38 58 67 15 20 37 82 3 10 48 33 50 74 46 58 93 55 58 19 9 88 4 49 59 11 48 51 63 37 32 39 2 33 56 48 72 74 33 19 2 5 69 8 30 28 22 97 71 88 43 97 17 84 37 87 7 42 99 9 18 51 9 65 19 38 48 95 27 37 97 51 37 19 66 60 7 79 91 15 20 41 97
TestCase-154
90
39 77 62 51 100 92 61 40 65 52 28 58 26 85 76 56 6 100 5 14 43 80 38 9 73 25 69 9 63 91 37 98 77 74 26 7 44 43 29 72 21 96 56 70 49 64 74 50 37 20 45 59 37 5 60 44 48 86 81 66 59 72 1 88 80 74 68 18 12 81 92 49 95 76 72 52 17 11 12 74 72 10 36 94 33 92 63 15 25 26
TestCase-155
28
8 83 40 44 6 55 53 22 58 45 24 50 88 97 3 57 64 39 32 32 65 25 49 71 81 28 95 16
TestCase-156
71
1 48 30 15 56 35 34 1 97 71 51 72 42 78 14 27 73 60 19 26 15 3 79 24 92 98 77 57 74 34 12 99 88 79 16 1 72 64 60 44 10 98 36 53 16 55 74 18 44 26 72 46 32 80 16 62 74 57 20 87 39 67 4 87 43 22 54 33 2 89 65
TestCase-157
7
25 87 22 57 71 29 69
TestCase-158
91
75 5 17 41 14 28 81 85 29 40 94 97 18 24 20 95 67 46 49 13 15 67 40 15 73 16 21 35 28 11 71 46 37 4 89 66 41 11 2 85 68 44 83 37 78 81 4 53 13 25 74 54 65 73 22 62 25 16 89 10 56 86 66 1 37 25 67 1 83 6 95 53 93 1 82 23 36 55 10 10 68 45 51 81 65 34 28 8 62 61 4
TestCase-159
29
92 1 3 50 63 7 77 86 52 41 73 13 95 61 22 32 57 41 57 12 82 20 36 58 93 88 49 55 90
TestCase-160
5
36 88 84 82 37
TestCase-161
76
37 85 49 98 50 99 40 9 52 36 64 48 56 90 53 56 11 86 100 39 88 30 80 90 89 18 21 33 71 12 15 40 83 81 4 80 25 91 64 90 91 71 23 80 40 58 64 24 3 65 6 7 91 56 9 97 98 20 20 48 14 28 89 1 75 16 86 12 63 30 54 38 44 60 99 54
TestCase-162
34
24 62 92 85 88 41 73 62 15 28 72 73 87 38 38 29 74 8 29 56 92 64 76 22 87 75 14 41 37 93 24 78 45 2
TestCase-163
43
33 68 79 71 60 23 1 24 58 82 53 52 96 81 26 90 21 22 69 25 33 84 5 26 64 9 50 77 62 98 32 73 39 100 39 12 97 54 63 87 76 74 16
TestCase-164
37
52 70 9 17 51 36 11 17 26 92 83 55 29 35 51 25 47 16 61 28 98 1 22 30 58 73 44 23 51 93 53 2 20 27 40 98 19
TestCase-165
55
100 14 31 10 23 57 6 30 67 49 58 88 91 8 43 6 29 44 73 48 86 13 69 80 47 87 83 78 15 2 76 97 100 55 52 82 59 98 31 22 34 92 69 40 11 33 100 73 8 51 99 19 85 35 94
TestCase-166
23
60 51 30 30 38 37 5 79 42 76 90 54 22 7 97 15 91 19 29 56 62 2 87
TestCase-167
80
68 75 75 37 71 6 13 8 63 43 28 97 35 49 7 51 33 58 34 49 6 99 8 50 6 1 93 87 46 94 69 14 20 83 27 100 6 25 35 58 21 30 90 32 19 34 17 4 63 97 15 57 66 89 90 37 79 90 77 63 6 38 50 81 37 4 12 69 8 10 96 52 31 70 88 96 34 54 55 50
TestCase-168
84
11 50 30 23 87 30 83 45 41 52 32 69 35 48 24 100 53 26 30 78 18 47 50 79 37 81 38 14 73 54 95 44 47 41 96 24 78 53 81 51 38 76 3 93 33 43 8 85 42 70 75 4 31 99 1 22 28 78 28 72 3 16 64 42 78 84 20 92 35 61 41 37 26 86 98 38 17 4 87 8 72 33 30 61
TestCase-169
97
66 67 42 58 93 80 64 90 90 98 30 91 21 70 100 22 51 77 4 33 67 77 84 48 40 94 18 76 31 33 14 29 7 8 53 100 72 42 41 18 59 20 79 46 17 55 64 69 57 32 33 74 28 20 27 14 44 45 41 24 79 9 18 93 4 60 84 79 45 92 8 19 36 7 65 69 72 35 47 10 62 95 26 79 48 34 84 13 64 99 75 70 67 95 25 63 71
TestCase-170
18
68 35 30 22 85 70 15 50 5 89 17 86 10 36 43 69 58 82
TestCase-171
32
2 64 73 60 29 73 88 87 12 99 82 92 46 50 57 55 42 61 67 69 82 30 50 68 67 74 66 32 61 78 60 72
TestCase-172
42
26 94 65 82 80 74 85 44 8 28 28 40 80 82 15 29 48 99 54 54 95 30 94 71 87 94 76 81 54 68 79 81 77 53 72 33 56 32 46 8 28 82
TestCase-173
33
77 75 89 29 35 70 78 53 56 99 1 31 30 74 92 34 4 4 35 93 96 21 32 13 53 29 14 30 86 51 94 13 45
TestCase-174
100
12 58 48 47 73 35 12 39 100 36 35 82 46 97 92 45 49 74 97 13 90 19 92 29 82 14 91 48 24 44 99 92 80 98 86 94 7 4 92 68 51 4 26 91 76 31 22 93 19 20 87 95 13 26 16 41 69 37 20 100 36 50 22 64 44 60 56 71 68 66 48 45 70 10 10 88 18 70 55 87 80 3 4 97 13 65 27 65 41 30 51 16 93 44 46 26 79 32 77 27
TestCase-175
12
92 58 51 37 60 35 28 99 99 24 67 32
TestCase-176
62
92 76 81 78 89 78 54 2 90 89 81 63 82 97 16 13 92 98 55 55 4 10 61 28 81 23 32 54 35 95 14 52 43 76 63 59 99 39 73 39 20 25 71 40 87 7 90 77 49 53 9 3 37 52 83 17 18 43 13 22 20 30
TestCase-177
47
35 30 80 67 62 34 43 96 26 57 67 57 94 78 36 35 69 34 12 42 19 97 1 36 61 53 11 70 58 51 41 98 65 74 6 59 43 95 78 52 70 84 84 75 15 80 75
TestCase-178
45
80 11 47 4 96 69 56 57 55 55 52 49 88 100 12 94 83 19 19 75 20 95 22 56 65 81 37 24 71 23 19 44 13 76 41 89 26 24 77 27 40 48 22 47 51
TestCase-179
80
5 88 89 89 89 91 25 88 93 88 81 65 89 72 82 68 57 81 70 96 12 55 69 68 47 33 12 26 57 26 39 36 91 14 13 89 22 83 50 39 11 25 46 85 71 16 82 19 63 87 8 26 99 63 18 28 9 45 52 57 17 95 18 11 46 82 51 95 27 48 76 67 47 53 74 54 61 48 16 61
TestCase-180
27
59 62 44 72 11 97 3 31 16 36 44 65 77 25 64 68 95 44 58 83 13 57 51 13 63 64 30
TestCase-181
21
14 5 45 29 77 54 62 13 69 14 35 87 65 29 68 52 25 85 36 70 88
TestCase-182
64
86 26 56 1 47 67 58 11 40 19 43 58 19 65 53 11 7 60 8 34 4 7 83 37 54 27 3 36 51 81 14 30 33 14 58 59 33 44 55 94 63 19 25 63 10 87 54 54 85 52 57 18 39 92 20 37 31 78 99 22 5 69 35 59
TestCase-183
28
19 15 57 88 25 57 49 67 59 38 47 83 91 43 13 20 4 96 39 2 32 31 21 59 41 14 71 96
TestCase-184
90
23 78 11 41 39 60 52 59 63 76 72 18 92 92 65 40 33 33 21 90 1 53 49 76 43 47 76 56 55 6 59 48 59 22 46 39 78 51 59 23 88 12 8 50 55 49 85 47 84 52 92 74 48 74 95 63 86 43 58 18 3 32 44 6 68 89 96 7 78 41 58 69 36 73 93 88 62 17 27 23 55 39 30 2 79 6 51 92 27 58
TestCase-185
74
27 94 26 65 40 37 47 32 65 27 28 74 37 97 47 7 46 63 30 24 31 14 64 23 89 59 80 55 46 96 99 59 43 60 97 49 10 67 2 85 49 51 30 91 20 87 68 97 15 69 6 28 64 88 51 83 84 26 86 65 19 45 2 27 44 5 8 36 22 4 82 91 96 64
TestCase-186
85
64 39 13 63 99 66 76 5 12 94 84 23 7 36 41 13 3 66 72 9 10 56 81 78 55 48 95 83 94 20 45 14 48 84 6 6 76 53 68 70 27 25 24 26 91 77 40 36 1 51 40 18 92 87 67 100 3 80 31 44 29 26 91 68 61 32 20 1 56 98 92 3 36 68 30 98 56 66 89 62 10 53 64 100 1
TestCase-187
7
12 62 77 91 86 53 45
TestCase-188
79
94 78 100 16 7 23 76 79 22 76 96 19 34 41 45 85 78 98 12 54 9 27 76 25 43 36 92 64 34 47 73 12 66 93 3 59 5 69 51 15 2 48 26 72 4 64 98 68 63 11 35 37 68 32 68 34 97 63 75 5 54 67 63 90 40 69 81 57 29 1 81 54 12 53 57 11 47 92 69
TestCase-189
6
38 53 52 11 27 93
TestCase-190
31
35 21 28 71 90 6 49 22 68 10 41 64 24 29 90 31 34 73 78 79 81 77 43 13 76 86 83 5 6 23 11
TestCase-191
32
49 90 74 95 52 69 83 43 1 88 7 33 69 83 33 11 89 7 11 55 31 37 8 51 45 81 16 79 94 92 46 45
TestCase-192
99
81 11 73 46 74 69 19 42 47 73 3 15 31 42 82 93 11 97 98 74 18 76 4 53 21 78 55 83 74 93 30 100 7 9 51 1 45 88 56 97 80 62 59 55 34 84 59 26 13 79 41 39 15 87 41 51 51 46 62 5 76 42 64 51 55 27 14 60 15 93 26 32 86 24 52 47 1 24 32 37 100 70 2 37 92 54 21 72 34 12 4 40 34 83 64 59 10 8 40
TestCase-193
70
87 52 51 99 33 92 52 64 27 47 75 66 68 89 69 69 20 73 78 1 99 15 99 49 22 68 14 91 46 57 1 83 2 43 41 73 60 47 100 24 14 73 62 63 73 61 44 72 74 43 24 10 64 98 91 86 13 98 11 72 75 89 18 35 48 7 30 83 63 13
TestCase-194
36
56 49 77 65 49 75 42 44 8 83 13 63 39 89 61 26 97 53 16 96 78 56 27 96 9 35 99 49 19 85 8 61 47 40 8 84
TestCase-195
46
70 85 53 1 72 6 63 33 1 34 7 4 73 25 92 21 33 43 60 16 11 25 25 30 77 64 33 44 1 1 50 42 6 1 77 63 89 28 6 100 35 98 86 81 88 17
TestCase-196
65
40 95 3 54 78 51 23 11 10 16 7 50 64 84 39 33 63 16 46 92 60 11 3 9 31 7 22 45 79 89 97 64 18 51 32 34 39 37 21 10 9 29 71 49 85 96 37 39 10 79 80 37 37 82 64 54 35 96 2 3 55 3 3 24 85
TestCase-197
73
28 54 95 58 50 22 46 90 14 44 81 14 31 22 79 77 18 25 40 39 18 15 29 48 93 71 28 46 12 22 88 59 33 64 91 9 59 69 91 42 62 26 92 18 22 91 10 80 65 95 83 97 20 68 2 36 25 96 28 33 94 30 76 14 66 81 94 74 26 43 44 51 100
TestCase-198
52
84 59 3 64 72 76 46 43 99 3 29 95 32 87 100 2 87 17 95 94 79 55 80 46 23 39 88 41 36 5 63 86 66 60 8 41 20 54 20 53 88 74 27 99 76 92 89 62 61 61 5 88
TestCase-199
90
65 83 65 40 71 99 19 51 21 44 42 48 55 4 75 39 48 100 85 3 60 78 19 33 38 11 4 17 72 12 83 2 26 45 56 77 70 58 28 30 85 30 89 45 30 71 59 69 57 59 63 51 72 11 91 28 41 12 13 68 21 56 39 37 54 32 68 71 20 90 47 49 10 91 51 100 30 20 23 57 92 23 37 26 43 9 3 4 90 86
TestCase-200
75
43 25 80 12 4 42 4 85 89 12 95 2 71 41 61 55 86 28 55 62 28 82 63 28 36 80 86 76 93 33 45 55 50 26 72 43 21 71 37 38 21 92 10 52 22 96 4 91 82 55 39 98 28 34 31 61 88 88 24 64 60 95 49 44 29 3 80 51 100 35 86 47 2 70 11
TestCase-201
64
22 86 97 32 16 72 85 22 51 38 76 28 90 52 57 100 77 52 11 89 35 85 16 23 39 78 90 100 51 39 46 37 87 30 44 4 39 89 81 28 47 83 19 77 31 37 87 49 90 62 50 31 35 59 14 61 97 30 73 65 74 20 31 56
TestCase-202
29
63 90 51 86 22 6 8 22 88 60 61 23 3 59 11 70 44 21 40 95 65 87 14 94 17 20 55 16 69
TestCase-203
6
53 57 48 57 31 53
TestCase-204
56
91 72 66 38 44 84 100 70 94 19 79 34 12 71 83 69 5 19 4 16 41 57 90 8 25 54 45 56 17 37 56 36 3 79 54 64 53 86 4 69 85 66 30 3 86 62 22 95 41 75 75 52 96 68 65 14
TestCase-205
24
22 14 7 36 91 38 23 96 53 5 78 84 57 38 30 24 32 11 44 10 52 38 60 67
TestCase-206
42
83 8 92 55 74 12 67 75 98 86 91 81 52 8 19 30 85 38 25 60 82 34 97 35 32 71 72 83 38 17 46 79 44 11 42 57 52 78 6 57 41 53
TestCase-207
95
71 74 35 51 55 17 37 44 9 19 30 49 77 1 29 38 26 7 99 29 62 77 54 54 47 63 87 36 75 25 32 90 5 64 90 54 82 64 4 73 31 32 28 31 35 96 19 25 69 13 51 80 7 14 97 67 73 33 57 55 16 71 46 90 14 7 52 66 56 91 70 85 36 12 70 2 76 18 55 43 28 10 30 18 1 51 35 42 33 84 39 35 77 98 27
TestCase-208
9
90 54 98 67 58 47 92 94 18
TestCase-209
19
94 67 97 45 41 80 1 46 61 100 23 62 83 53 73 61 29 8 57
TestCase-210
79
66 55 21 87 94 6 25 9 11 21 42 37 70 41 94 9 12 32 59 8 36 27 43 14 86 3 21 4 91 89 39 20 49 20 46 40 50 14 2 45 86 34 59 13 65 27 34 15 49 27 4 7 52 5 9 3 73 24 34 34 97 63 92 25 41 40 50 78 55 7 4 76 81 32 48 5 43 63 37
TestCase-211
20
4 65 27 30 56 68 66 68 11 3 85 75 66 71 82 85 36 67 97 66
TestCase-212
2
94 78
TestCase-213
19
99 55 16 25 60 28 87 3 33 66 33 53 73 20 82 44 85 89 38
TestCase-214
44
18 42 45 30 61 63 62 50 41 89 75 81 50 39 2 38 28 62 9 6 79 97 20 63 29 89 44 20 29 100 64 90 21 72 40 92 71 28 84 33 99 85 90 100
TestCase-215
1
9
TestCase-216
98
84 80 71 15 58 86 59 96 79 3 19 27 99 95 90 67 42 84 25 76 49 17 37 11 84 4 10 42 43 39 97 44 75 72 92 26 99 8 28 36 46 26 31 21 48 24 53 25 1 47 45 6 62 15 58 54 89 12 89 20 40 95 60 66 53 6 12 45 3 67 5 96 96 32 60 5 65 38 71 50 37 92 65 44 38 83 32 76 36 60 39 30 11 96 6 64 62 34
TestCase-217
85
90 74 98 95 62 76 43 4 56 38 89 98 75 45 97 31 9 8 21 23 32 40 46 42 52 64 60 21 39 7 34 29 31 7 58 60 25 21 95 99 41 96 21 26 82 74 22 48 7 74 74 83 26 13 35 26 61 96 45 42 52 58 68 18 47 5 39 59 31 62 65 69 57 57 57 78 6 40 42 16 74 43 29 17 51
TestCase-218
95
25 4 1 86 4 24 11 22 71 44 70 63 64 49 23 23 34 61 31 30 80 76 2 29 88 6 4 4 100 82 37 93 93 56 66 22 60 64 51 69 51 34 83 36 34 56 42 97 60 43 73 85 17 2 39 40 50 34 31 58 25 54 97 90 71 60 78 22 25 21 59 97 11 88 16 68 46 38 4 45 62 49 13 36 5 78 11 22 5 50 73 56 94 22 30
TestCase-219
99
24 31 54 22 67 27 27 42 94 15 5 10 38 14 88 38 31 96 62 99 43 94 6 26 84 30 99 46 59 20 77 49 92 19 90 8 49 48 8 45 59 100 18 41 40 71 42 49 84 49 33 78 78 35 36 38 40 33 88 96 70 65 57 25 10 95 4 66 98 32 92 25 30 64 98 6 80 60 76 57 56 69 1 97 16 43 76 85 99 36 37 8 83 91 95 84 75 32 45
TestCase-220
97
24 68 43 62 65 100 29 99 35 34 54 76 71 45 40 81 96 58 2 43 52 53 20 59 4 5 35 22 2 41 50 30 75 6 85 16 55 32 19 75 88 83 94 49 19 56 16 2 68 99 29 46 14 68 12 56 33 31 36 78 41 50 62 34 46 100 11 32 31 98 7 31 92 76 100 96 24 20 57 5 66 5 5 15 25 86 70 39 12 15 43 75 9 23 1 65 68
TestCase-221
70
2 34 93 66 34 98 1 94 87 51 2 92 20 91 49 48 81 82 23 58 28 26 20 37 52 81 21 75 99 80 80 100 46 15 87 65 1 20 58 71 45 56 57 92 92 46 73 100 1 8 57 41 64 78 52 82 65 95 27 3 90 32 9 33 49 87 63 7 55 92
TestCase-222
12
25 98 47 61 85 78 64 52 96 21 38 40
TestCase-223
27
11 34 30 28 51 16 34 80 34 67 22 51 78 40 65 35 13 46 100 53 14 4 80 70 10 76 25
TestCase-224
49
92 55 42 45 95 38 74 48 18 14 28 45 75 71 11 86 27 71 89 22 52 46 37 23 72 31 40 68 69 77 58 8 8 11 57 84 83 32 66 77 90 73 10 11 95 66 11 84 17
TestCase-225
63
63 88 97 17 11 33 82 16 37 20 91 56 52 5 43 41 78 45 92 9 66 30 26 61 47 70 46 81 82 18 5 23 40 25 50 24 94 78 96 80 38 96 35 12 70 28 65 80 71 63 92 41 34 98 82 53 69 26 3 72 36 59 48
TestCase-226
88
39 21 66 1 61 89 29 13 37 46 4 19 76 68 9 22 87 8 81 61 77 91 69 74 57 26 1 44 15 5 75 70 58 28 52 85 80 10 47 69 59 68 18 41 50 79 93 88 65 7 32 90 65 25 32 42 31 26 93 82 15 78 43 6 75 9 2 30 69 14 46 59 30 60 89 12 86 35 33 74 18 34 50 72 88 80 14 42
TestCase-227
53
15 74 26 44 84 21 8 44 12 88 54 52 30 81 42 100 97 22 38 43 69 3 76 71 8 96 42 26 75 1 92 67 57 52 15 51 66 38 27 53 36 58 46 32 10 87 83 93 8 6 18 19 43
TestCase-228
58
16 38 10 16 13 93 23 58 11 20 76 57 45 31 5 8 12 19 24 71 58 8 69 24 7 95 52 43 16 52 54 68 58 90 55 2 84 86 73 75 81 93 21 31 25 79 88 94 46 93 1 96 50 30 1 42 10 38
TestCase-229
59
72 4 52 65 30 88 6 20 56 12 6 99 3 51 1 72 25 8 76 1 31 73 68 82 88 78 74 27 43 82 90 6 49 53 97 1 27 42 22 36 6 12 20 10 34 61 85 50 67 9 9 93 61 78 93 2 1 60 4
TestCase-230
27
95 47 4 64 75 75 83 15 100 11 13 21 12 50 91 1 98 49 70 26 33 96 87 94 78 15 30
TestCase-231
53
42 21 26 8 51 42 83 24 92 70 19 28 97 94 43 58 84 33 73 5 64 52 60 91 41 3 49 49 3 46 94 93 37 4 73 9 76 24 78 25 57 91 41 45 68 18 37 23 75 78 35 26 67
TestCase-232
36
57 38 42 78 8 66 35 33 94 19 75 85 48 65 88 43 95 78 72 82 41 52 32 35 82 32 18 67 88 6 36 38 58 93 35 35
TestCase-233
93
78 47 21 66 52 12 62 64 39 65 78 23 56 20 32 34 5 86 85 93 89 20 82 81 16 92 91 86 71 100 97 55 96 69 93 12 13 76 81 8 18 57 58 29 94 35 62 4 44 96 3 91 33 85 31 39 68 3 75 25 10 85 5 26 76 14 97 95 64 6 64 26 57 21 3 80 18 17 68 49 49 30 66 71 67 30 89 84 77 46 11 83 11
TestCase-234
48
60 43 17 73 32 41 39 15 47 9 14 7 5 28 57 71 29 66 71 28 32 58 87 64 19 64 55 50 1 2 5 80 94 70 85 2 42 63 58 86 64 56 98 89 41 65 55 41
TestCase-235
13
65 53 58 62 57 86 73 50 30 70 47 28 41
TestCase-236
42
70 53 1 94 75 64 14 64 63 58 30 89 27 91 63 92 32 10 12 73 2 76 91 59 53 31 56 13 62 39 96 35 28 17 75 35 95 28 59 43 57 28
TestCase-237
48
92 63 24 69 25 26 71 20 69 97 35 64 97 54 9 65 5 98 44 93 41 44 9 83 92 23 36 38 18 93 34 26 75 35 41 10 38 94 100 45 18 78 87 87 9 24 42 40
TestCase-238
93
75 68 74 85 91 62 99 35 90 9 100 44 28 68 6 28 31 95 55 22 6 79 14 16 41 67 25 66 43 83 52 15 95 51 55 16 50 45 47 39 55 83 66 48 9 57 57 5 100 94 77 69 49 33 81 97 59 43 74 17 55 15 28 48 18 72 92 36 38 93 99 90 47 39 97 67 54 81 92 28 47 2 10 51 62 53 14 46 16 77 34 7 55
TestCase-239
47
42 69 67 13 45 30 90 68 73 40 75 96 32 68 26 49 100 71 62 61 83 51 53 26 50 31 92 96 12 59 63 47 62 66 96 37 62 38 11 95 41 24 54 63 28 88 14
TestCase-240
88
89 23 28 96 45 77 62 78 98 46 42 17 65 72 62 10 7 73 80 39 31 93 65 55 25 94 66 95 58 73 12 56 92 82 74 34 55 39 92 97 96 86 47 27 59 7 61 92 48 19 84 9 66 73 70 98 19 76 10 44 99 10 30 61 65 4 97 58 37 20 35 41 40 17 17 87 87 96 29 33 82 39 65 51 98 52 10 79
TestCase-241
17
64 7 10 11 22 83 59 91 11 54 22 21 51 8 47 100 46
TestCase-242
63
53 46 36 38 68 94 38 19 7 12 40 22 35 95 1 54 5 13 80 80 63 94 11 2 33 22 84 58 84 32 65 75 15 97 83 63 27 65 67 51 43 96 95 44 11 14 47 34 96 42 5 10 27 32 66 50 32 98 20 38 54 75 59
TestCase-243
63
13 38 69 14 18 31 59 62 54 40 49 7 8 98 66 31 5 52 44 74 70 7 91 91 74 91 73 98 53 75 62 34 83 95 26 86 30 98 48 34 66 19 86 4 68 44 29 19 73 1 96 93 72 82 3 45 80 49 61 54 40 62 72
TestCase-244
2
72 71
TestCase-245
55
2 28 90 52 54 12 45 83 27 2 60 57 1 60 47 82 90 2 52 35 42 12 33 23 51 17 44 87 41 48 37 36 59 80 97 64 76 59 54 17 16 1 68 25 69 47 20 78 6 74 14 16 38 41 47
TestCase-246
92
24 18 90 33 68 98 83 75 1 70 71 39 1 41 64 54 1 2 34 63 19 100 76 47 91 24 38 85 38 31 52 78 41 80 6 79 12 24 72 30 4 71 6 91 85 14 92 7 9 54 63 49 36 89 78 84 54 13 72 52 43 97 45 19 89 68 18 80 63 2 36 64 72 8 56 24 82 91 32 50 66 56 35 5 89 46 17 41 62 48 98 76
TestCase-247
93
89 72 5 82 42 21 75 73 76 23 68 49 85 89 13 43 88 57 38 40 3 17 37 80 91 69 36 35 36 11 20 32 45 15 97 58 35 42 40 43 97 5 24 32 43 74 12 48 31 72 38 40 97 31 64 46 66 82 15 71 69 56 82 20 88 56 36 25 92 14 34 71 48 1 79 70 16 49 91 84 28 51 7 86 89 72 13 79 50 6 16 94 80
TestCase-248
38
56 38 68 94 76 1 9 10 90 74 9 100 72 65 80 16 81 56 17 99 100 85 69 49 38 92 50 30 11 27 34 72 57 97 22 45 15 40
TestCase-249
56
5 46 64 20 59 71 63 61 38 53 82 8 69 40 59 83 40 16 47 88 51 90 61 70 30 62 92 27 88 45 35 52 14 52 88 28 2 94 37 88 25 49 84 23 88 10 36 65 47 19 28 33 87 49 18 58
TestCase-250
5
88 85 54 13 60
TestCase-251
61
36 50 74 60 54 19 47 19 68 87 33 73 60 57 9 25 58 94 78 71 9 55 37 70 69 86 29 27 54 68 73 90 49 50 16 98 87 77 65 15 45 7 70 29 47 68 92 50 68 62 23 18 85 22 94 42 50 49 47 7 55
TestCase-252
5
19 10 41 34 18
TestCase-253
32
82 73 87 91 78 12 78 18 78 77 84 59 78 4 83 97 10 87 67 86 35 5 34 21 93 11 44 100 96 13 99 83
TestCase-254
81
86 98 20 77 39 98 77 33 46 15 86 33 34 37 70 48 69 50 33 58 40 42 80 77 21 77 15 61 73 76 49 86 52 30 90 72 74 48 2 95 10 25 1 28 57 73 9 47 45 94 100 83 1 2 93 15 1 78 2 56 10 97 42 66 100 4 47 52 20 77 85 10 16 89 57 12 54 56 7 57 8
TestCase-255
11
87 18 45 43 99 86 41 31 26 75 37
TestCase-256
17
37 33 84 16 83 16 69 45 49 10 38 48 13 5 90 71 36
TestCase-257
69
68 31 14 49 42 25 9 85 54 64 39 70 11 64 79 11 28 50 11 18 19 73 14 3 44 71 7 75 95 4 45 41 84 39 24 67 47 74 85 48 22 83 13 85 25 11 30 66 91 23 57 35 50 17 71 47 16 5 84 71 5 95 58 92 71 46 67 83 59
TestCase-258
100
66 67 61 7 27 5 20 88 12 10 72 15 15 53 18 26 70 87 61 12 38 17 73 77 62 26 66 70 29 67 14 57 13 49 47 73 69 89 43 31 10 41 34 65 99 27 64 67 48 6 80 30 78 53 20 43 39 85 28 81 77 35 47 96 9 65 42 14 60 10 51 3 77 24 22 45 51 53 39 99 77 93 10 15 17 72 84 65 59 48 19 52 99 37 80 100 73 45 95 22
TestCase-259
49
79 60 99 53 10 74 30 80 58 55 29 69 70 62 4 87 31 49 94 88 2 63 59 57 12 68 86 83 11 25 76 65 57 33 12 16 66 91 70 74 28 87 95 13 33 18 96 63 23
TestCase-260
83
91 57 67 28 29 31 29 86 5 37 37 98 10 70 35 86 12 5 23 52 67 7 76 6 91 31 43 31 51 85 97 93 82 86 84 9 53 81 99 35 54 91 79 97 35 1 73 35 49 78 90 40 27 42 75 15 42 10 99 17 58 74 49 11 29 7 39 22 90 7 4 9 17 63 17 65 54 53 73 97 52 33 21
TestCase-261
15
78 3 40 12 77 83 15 40 51 70 84 71 76 13 99
TestCase-262
25
97 100 86 96 96 25 99 85 60 99 81 97 60 78 56 50 20 33 94 14 35 32 3 71 93
TestCase-263
14
24 45 28 38 99 5 98 28 57 67 55 5 80 63
TestCase-264
57
59 91 14 14 73 6 58 98 87 92 62 94 79 40 89 87 11 45 20 18 55 66 12 79 74 27 69 35 27 73 27 55 93 72 40 94 53 99 45 32 71 25 99 1 9 63 51 17 5 46 99 5 31 87 86 1 80
TestCase-265
32
11 5 36 39 53 75 58 47 52 64 32 83 25 92 2 87 55 46 21 31 66 47 72 83 77 95 98 7 42 92 13 8
TestCase-266
5
8 72 86 85 48
TestCase-267
25
38 61 84 68 85 21 84 53 75 78 60 87 43 20 53 85 61 7 66 94 72 66 10 82 94
TestCase-268
35
12 49 26 24 79 57 16 41 41 31 35 20 84 35 99 17 7 55 46 97 89 46 51 45 7 100 49 82 39 46 93 76 5 55 54
TestCase-269
67
84 64 15 6 8 14 82 64 6 55 99 9 55 44 76 9 17 73 61 2 39 79 73 18 22 83 63 22 46 9 29 37 41 42 47 42 75 80 73 76 29 62 87 47 38 85 51 63 63 62 49 75 17 29 65 20 99 75 83 43 21 21 8 54 14 74 78
TestCase-270
71
43 68 36 16 25 18 63 89 24 44 64 83 96 88 54 75 21 33 5 72 89 6 20 87 39 78 74 77 60 41 74 65 61 36 92 61 100 23 13 18 65 6 81 86 40 69 14 43 31 13 84 59 65 10 42 53 100 82 68 7 26 56 32 69 24 63 98 73 92 15 85
TestCase-271
72
49 31 54 60 45 67 30 7 99 51 5 49 10 92 3 12 66 83 75 67 53 11 81 39 96 55 67 41 76 81 81 54 18 92 12 60 5 22 40 82 87 2 65 7 67 22 12 68 100 99 95 15 28 9 14 97 53 36 26 44 53 57 73 62 61 42 12 28 84 94 46 76
TestCase-272
96
60 21 9 82 13 40 10 93 74 4 81 23 19 8 55 53 93 3 80 39 8 76 13 38 10 96 43 66 79 99 75 100 4 53 31 98 16 70 7 75 63 31 42 56 53 53 24 28 41 67 15 16 75 37 12 50 92 76 45 11 74 70 52 20 65 58 94 30 79 7 15 1 12 78 59 94 3 37 75 18 14 50 37 64 16 45 34 11 87 36 91 15 10 22 25 68
TestCase-273
34
26 56 46 12 22 23 37 92 89 65 58 38 16 15 94 4 91 48 6 21 22 19 43 67 91 86 52 5 43 50 30 83 1 69
TestCase-274
100
88 52 80 90 42 43 20 52 98 19 64 48 40 38 57 70 20 39 23 43 95 70 45 34 53 3 72 96 38 4 28 22 68 44 32 89 50 99 68 72 81 68 99 86 50 7 67 85 94 63 18 69 7 88 31 86 9 4 89 34 100 32 100 27 3 19 13 7 40 42 62 19 1 49 79 61 84 44 88 41 22 46 86 1 56 29 55 19 90 8 79 66 54 13 96 99 58 42 98 55
TestCase-275
19
38 64 25 34 88 68 13 95 62 54 69 36 11 75 86 40 89 95 37
TestCase-276
7
30 18 15 87 83 38 58
TestCase-277
8
63 45 21 86 39 22 55 40
TestCase-278
3
8 27 44
TestCase-279
17
97 35 14 48 35 54 9 80 91 21 27 48 55 42 30 63 30
TestCase-280
63
12 8 69 37 73 49 2 35 40 38 36 33 67 100 91 28 99 64 51 54 7 1 1 3 79 10 36 6 28 66 43 65 5 87 28 29 51 72 81 30 71 39 35 14 78 99 96 46 31 93 48 91 59 62 17 22 36 57 13 52 42 43 44
TestCase-281
19
94 12 60 56 65 86 39 60 27 41 82 55 58 15 32 99 33 11 62
TestCase-282
31
93 87 67 85 67 8 33 68 29 83 34 95 3 3 48 51 69 74 53 16 30 36 33 87 5 50 79 89 98 53 64
TestCase-283
94
80 40 57 91 82 99 28 68 52 51 28 40 20 13 66 4 66 66 48 5 42 61 8 14 75 63 51 44 21 30 89 99 43 19 79 84 37 95 91 98 34 25 51 3 47 38 52 59 16 72 7 56 1 34 9 54 84 79 38 36 42 12 11 71 57 61 26 95 20 97 64 47 67 71 1 30 11 32 73 31 58 34 23 55 22 36 32 47 77 16 24 69 16 19
TestCase-284
37
8 91 2 53 20 2 4 39 11 5 34 81 19 52 47 26 59 44 53 22 43 83 36 100 63 17 82 35 75 25 41 79 36 84 42 33 99
TestCase-285
75
79 87 74 36 50 42 54 50 100 71 68 75 91 38 87 42 20 10 48 34 44 62 86 64 96 11 71 71 22 76 26 39 76 62 50 23 55 51 73 89 32 76 86 10 24 34 83 67 93 90 82 85 59 94 74 5 6 8 51 3 75 90 14 84 19 29 59 69 57 8 18 32 26 12 48
TestCase-286
59
66 43 21 31 37 61 7 58 19 54 89 18 60 80 72 2 42 36 85 48 21 24 59 20 74 42 77 100 29 87 50 38 99 7 4 57 71 68 94 37 39 26 45 28 17 50 87 69 49 43 46 99 62 20 67 24 75 61 30
TestCase-287
32
100 91 21 73 13 76 39 18 47 45 42 87 70 49 10 20 20 46 64 94 67 35 51 52 35 59 80 31 58 82 17 37
TestCase-288
9
65 3 61 94 65 46 33 64 28
TestCase-289
59
40 94 65 25 57 14 70 70 39 96 21 76 99 37 18 86 44 2 3 81 28 2 56 4 57 21 64 49 34 54 72 72 95 57 24 35 38 82 55 7 89 90 37 91 76 44 89 88 63 27 86 20 31 78 76 70 24 27 78
TestCase-290
29
22 64 50 75 11 3 78 57 80 1 53 89 35 91 83 24 22 75 72 81 34 10 46 71 52 77 6 18 59
TestCase-291
32
13 80 33 80 32 76 94 88 24 99 84 98 15 85 73 73 40 42 8 77 54 60 11 69 29 99 51 52 27 84 75 29
TestCase-292
66
67 91 57 9 57 11 53 52 11 88 73 70 57 14 67 56 48 99 40 84 65 71 79 77 66 36 12 89 53 45 86 12 84 13 52 42 38 71 98 6 2 97 12 96 11 3 10 87 34 7 20 51 71 41 51 52 74 81 34 9 92 9 19 15 95 11
TestCase-293
79
58 73 80 45 25 21 14 54 28 13 41 88 78 38 19 72 14 26 49 68 85 74 38 9 27 50 27 67 8 79 71 59 77 26 7 39 94 81 37 52 95 2 2 45 42 11 72 14 55 22 85 1 62 94 35 85 21 59 82 33 9 14 91 65 61 76 49 24 59 31 97 71 53 22 12 84 90 89 79
TestCase-294
89
48 68 10 26 70 66 51 45 21 18 76 89 57 15 72 93 9 88 34 11 50 38 57 21 73 15 24 59 1 19 70 95 21 46 55 99 35 44 91 71 15 44 97 29 11 96 85 98 53 49 31 96 48 82 4 19 16 69 73 38 83 77 49 7 70 78 10 23 70 53 49 95 20 41 100 100 71 87 31 37 97 59 53 59 76 37 99 91 39
TestCase-295
41
13 37 71 47 50 31 75 96 58 98 63 20 19 32 72 48 30 90 54 90 85 89 81 87 73 51 5 35 45 72 94 82 43 62 55 26 27 98 39 86 49
TestCase-296
85
54 24 88 83 93 12 45 45 79 1 19 84 15 85 6 31 28 93 89 55 47 55 46 99 68 25 29 81 79 38 72 80 59 35 66 57 63 80 96 17 3 34 22 35 6 26 76 65 71 17 1 93 42 66 39 61 14 3 96 27 8 98 85 77 36 53 15 18 98 24 50 36 90 50 56 98 33 87 73 89 30 48 90 16 27
TestCase-297
42
64 26 22 81 7 41 76 18 63 1 30 50 52 45 58 99 100 16 17 71 40 37 97 7 99 52 85 28 22 66 93 92 93 52 79 25 56 16 1 86 6 97
TestCase-298
24
12 86 23 60 55 45 52 98 94 19 10 58 86 29 78 42 1 96 14 55 97 51 4 66
TestCase-299
55
81 41 16 38 92 17 69 2 80 80 83 88 90 53 44 30 95 48 20 16 88 47 4 54 48 25 48 65 69 24 4 88 56 50 44 70 57 78 27 27 83 64 88 54 33 89 92 21 66 29 56 68 43 95 19
TestCase-300
78
5 39 45 40 91 43 70 5 69 63 63 93 27 27 71 18 87 67 52 97 30 100 63 57 86 88 64 94 66 75 53 18 31 11 31 77 23 19 21 72 12 31 54 67 15 21 14 3 86 93 88 44 63 10 38 38 5 89 58 38 46 91 7 75 53 34 49 39 41 43 91 13 16 39 14 4 86 94
TestCase-301
45
24 32 31 76 4 93 6 70 40 57 29 62 77 42 18 7 55 30 49 38 62 14 38 38 27 55 53 22 8 84 78 89 79 5 72 3 52 88 65 70 34 48 68 28 32
TestCase-302
81
45 91 7 8 90 95 61 14 21 90 99 98 90 88 100 73 20 2 34 87 87 52 72 31 22 51 36 85 94 97 76 63 82 55 93 64 59 25 20 99 64 9 96 76 52 90 84 50 67 42 1 74 28 19 59 27 34 47 68 77 100 2 92 74 9 81 94 67 13 71 91 89 68 28 19 28 66 8 82 67 8
TestCase-303
32
89 19 14 52 46 56 62 68 24 68 37 13 50 8 28 55 47 85 9 20 51 49 8 88 76 36 34 79 34 90 18 51
TestCase-304
25
79 82 74 22 76 65 69 32 40 79 33 58 27 2 26 44 93 84 45 96 68 47 11 76 37
TestCase-305
80
87 9 66 82 9 84 6 96 66 15 15 57 91 80 21 99 1 62 2 76 96 75 63 14 96 38 23 17 91 62 67 15 52 62 21 27 30 68 49 3 61 37 49 60 14 81 42 44 68 98 49 49 1 28 93 59 97 4 43 90 58 92 91 83 13 71 20 71 87 13 39 17 45 37 28 48 71 54 67 5
TestCase-306
70
64 100 15 14 81 40 3 71 60 44 74 45 68 50 42 50 46 85 37 81 18 96 59 5 56 97 84 82 58 41 17 21 26 5 84 78 8 34 52 27 48 40 86 89 7 90 76 35 82 9 72 5 25 73 1 17 32 60 100 16 20 87 92 68 13 17 55 92 72 78
TestCase-307
79
57 29 38 77 68 18 32 83 33 14 96 100 42 62 25 84 46 89 82 35 83 94 99 21 41 58 91 3 79 38 90 51 90 12 5 34 24 52 75 65 27 70 30 75 80 91 11 74 81 85 27 41 5 81 17 75 78 10 52 88 1 95 38 85 11 37 5 79 75 5 74 51 22 95 47 55 45 22 6
TestCase-308
47
87 4 35 22 11 51 39 37 72 89 4 95 51 33 18 26 42 8 42 73 70 69 38 63 64 58 83 42 4 51 93 99 3 38 9 98 23 94 40 40 13 67 7 96 21 66 95
TestCase-309
59
61 74 45 21 96 43 29 76 18 23 34 26 34 30 6 74 67 95 86 6 55 90 72 87 49 10 90 97 81 54 79 95 77 9 92 24 28 13 65 46 23 10 52 25 40 46 44 64 71 4 67 59 90 47 38 98 23 32 53
TestCase-310
54
42 82 92 79 91 99 20 13 82 32 31 82 78 31 6 40 32 76 39 83 67 100 4 90 32 80 68 40 2 71 35 20 40 58 98 98 98 38 50 80 88 9 47 56 66 22 34 14 8 100 73 87 31 91
TestCase-311
69
20 29 32 7 44 28 20 19 13 94 44 58 100 87 37 60 99 55 97 1 71 57 27 29 6 58 34 18 37 91 22 33 30 93 75 53 79 71 35 71 91 80 64 86 66 98 61 71 93 88 19 60 92 58 22 63 46 29 25 48 71 88 99 6 97 28 85 55 29
TestCase-312
25
57 97 99 93 8 72 39 95 86 43 25 83 54 50 16 63 84 79 70 52 48 65 40 19 69
TestCase-313
99
25 34 18 33 68 70 45 49 52 10 88 84 46 25 46 78 23 31 9 92 98 91 71 65 5 31 6 37 92 48 16 63 68 60 65 40 65 46 22 53 20 74 39 68 34 44 54 77 56 1 43 56 24 63 48 47 36 79 16 67 65 31 2 68 88 34 70 47 9 69 70 71 90 69 40 19 79 68 34 11 24 63 69 37 53 7 18 52 84 83 55 43 11 79 73 52 21 32 55
TestCase-314
24
82 14 30 94 99 90 72 7 42 21 66 44 40 33 50 25 53 90 10 4 43 72 64 3
TestCase-315
4
77 33 1 74
TestCase-316
40
68 28 49 89 63 70 68 8 68 23 86 22 42 52 69 26 97 74 43 79 20 89 52 94 76 98 43 64 19 51 96 21 24 5 89 32 74 49 74 51
TestCase-317
46
55 68 75 56 52 55 66 56 69 3 9 66 79 50 92 97 26 66 60 5 45 89 15 28 94 17 37 6 28 20 95 81 92 32 93 21 6 81 99 87 35 6 16 86 52 3
TestCase-318
51
26 53 48 83 56 82 87 96 77 17 2 75 100 33 13 26 46 87 19 76 63 69 8 100 5 80 14 16 53 54 93 53 25 90 71 31 50 72 10 72 83 60 50 5 27 88 51 10 68 8 85
TestCase-319
45
14 81 7 11 64 70 92 52 18 14 61 23 54 75 9 60 33 31 22 48 2 18 100 92 79 56 20 3 72 29 63 17 78 27 91 55 59 47 53 14 32 62 92 82 38
TestCase-320
31
9 52 32 53 80 47 10 80 35 3 72 46 26 21 38 57 27 91 66 63 33 23 38 5 38 67 15 6 39 61 83
TestCase-321
37
54 51 62 86 60 74 91 80 79 65 20 14 47 84 34 50 79 59 27 64 4 87 81 79 65 30 61 2 43 55 71 91 15 2 69 76 12
TestCase-322
35
4 26 4 22 47 47 82 43 10 49 30 70 35 10 6 67 20 14 91 44 69 73 100 67 91 93 61 89 48 51 62 37 81 33 32
TestCase-323
46
3 34 45 82 19 95 71 28 91 43 21 18 65 12 24 83 62 23 33 29 73 73 7 54 18 12 39 7 99 92 100 1 40 50 9 97 49 16 52 51 43 91 71 52 19 99
TestCase-324
100
66 73 75 67 87 2 65 41 4 79 56 73 98 4 57 65 96 89 58 23 46 78 96 47 68 32 41 96 70 83 34 100 3 40 65 12 9 72 81 23 79 94 86 51 80 1 57 11 70 66 24 2 95 28 80 26 43 64 45 12 22 3 36 46 54 56 93 67 19 71 12 13 55 44 15 36 42 49 61 47 46 90 12 88 6 26 5 25 46 24 47 94 34 63 27 91 12 40 44 15
TestCase-325
22
88 28 96 56 81 59 9 28 30 11 38 37 13 27 30 16 40 94 27 72 97 36
TestCase-326
16
35 42 98 84 33 30 81 86 33 18 46 14 52 51 16 54
TestCase-327
71
84 35 32 12 37 46 66 72 5 73 4 56 86 85 56 38 54 15 9 12 65 71 80 50 28 99 90 23 50 42 38 3 43 37 90 2 23 47 29 73 1 53 48 61 18 3 47 61 3 72 73 75 28 66 57 10 24 21 99 88 77 60 88 21 90 97 84 98 10 95 7
TestCase-328
54
82 64 39 3 60 15 77 12 7 57 52 14 23 33 21 65 76 74 61 86 61 68 76 23 95 3 90 92 26 33 19 40 48 53 58 14 63 94 37 58 27 30 40 94 2 9 5 96 43 90 88 69 45 71
TestCase-329
26
12 9 75 56 84 95 91 92 21 50 57 65 6 39 80 69 46 37 49 78 54 44 56 85 60 89
TestCase-330
87
40 91 80 58 18 22 1 24 78 91 19 68 70 59 22 51 69 3 4 74 10 5 26 74 45 40 65 44 30 28 68 27 60 83 41 26 35 71 31 94 96 43 17 74 90 35 46 96 64 56 26 67 48 82 11 21 73 73 70 36 82 55 16 35 66 37 33 25 51 87 5 78 10 13 15 90 19 66 14 45 32 54 41 25 4 89 22
TestCase-331
60
7 14 63 85 28 48 51 73 49 12 21 1 29 85 38 28 6 51 92 24 17 64 47 25 75 73 28 100 37 27 78 45 78 74 10 30 7 89 77 2 78 47 51 20 16 81 26 90 15 24 89 81 84 73 55 99 97 95 33 74
TestCase-332
37
62 10 57 33 13 44 84 61 55 40 70 77 52 55 36 76 7 59 40 23 19 69 37 6 17 89 95 4 81 96 67 92 19 24 40 25 10
TestCase-333
92
90 11 93 68 96 30 42 60 86 60 23 1 78 43 77 53 71 66 52 19 20 37 59 45 50 29 8 6 42 80 87 17 60 28 5 90 50 76 15 72 59 92 21 32 91 40 79 70 64 23 48 27 15 100 97 50 10 43 63 1 28 95 43 59 36 65 11 41 67 66 1 10 6 53 11 44 15 42 21 63 28 48 5 93 25 98 90 59 68 16 64 61
TestCase-334
7
81 23 18 76 47 25 27
TestCase-335
31
49 11 83 57 79 16 65 83 33 69 65 43 96 55 30 36 96 74 76 68 1 4 19 81 47 80 35 34 3 46 37
TestCase-336
97
91 65 74 38 27 99 31 81 54 76 68 98 55 88 8 25 100 37 33 56 29 51 6 83 30 36 57 87 87 64 12 19 14 27 11 30 61 80 7 81 45 2 54 64 21 72 30 59 23 46 72 17 29 41 48 61 4 55 9 40 14 3 22 60 98 46 89 75 58 92 64 11 26 3 77 30 21 45 100 91 63 35 83 61 11 93 27 66 29 13 75 25 78 72 32 36 80
TestCase-337
75
100 42 20 83 87 76 90 50 47 26 51 74 18 40 82 40 66 33 46 26 78 7 36 48 92 3 91 5 99 91 62 69 30 58 43 39 20 15 99 97 72 54 7 42 31 79 43 76 4 32 31 48 17 24 85 10 43 88 49 90 65 47 73 91 18 56 20 12 91 10 64 96 84 78 79
TestCase-338
50
19 34 59 51 37 53 69 90 44 18 7 2 14 56 49 44 41 45 83 16 62 92 43 53 46 29 55 71 39 46 96 54 28 18 82 27 83 61 5 55 9 12 86 60 72 64 87 45 96 66
TestCase-339
79
1 43 69 17 44 94 27 78 74 52 27 61 73 75 46 75 31 96 63 81 66 37 81 92 97 7 53 44 27 42 67 66 26 66 19 11 84 23 99 83 48 23 66 50 2 3 46 62 51 49 85 64 63 22 16 87 24 52 1 59 69 53 1 69 34 49 79 14 55 42 61 7 51 74 43 57 11 67 95
TestCase-340
83
1 65 83 22 33 91 27 86 97 66 19 1 100 62 25 60 87 94 82 37 43 77 7 28 68 55 57 84 54 52 68 25 46 3 23 55 93 79 45 82 93 42 6 66 29 3 57 27 97 4 44 98 14 84 71 32 93 66 27 48 8 96 31 59 3 41 77 82 37 68 75 46 12 35 94 46 52 42 93 4 4 29 55
TestCase-341
38
97 53 6 10 90 87 41 81 62 12 63 71 1 28 52 98 65 34 73 48 59 15 16 6 89 76 4 35 64 14 98 40 89 21 28 28 17 68
TestCase-342
18
90 94 50 23 28 94 35 20 46 62 50 76 22 18 68 82 49 16
TestCase-343
78
19 53 31 23 62 23 23 39 27 100 7 42 76 47 90 22 78 67 84 17 45 4 7 92 29 47 100 71 28 98 77 10 59 82 29 53 49 92 19 79 83 54 24 98 50 85 66 81 63 76 66 94 27 77 23 90 63 45 87 100 29 58 64 15 79 46 2 67 29 50 53 73 92 45 15 78 57 34
TestCase-344
31
90 37 90 95 47 96 48 51 28 67 71 42 23 6 77 67 79 31 26 77 35 71 8 92 15 90 99 36 18 35 39
TestCase-345
64
9 28 52 34 86 99 42 45 20 99 35 89 69 31 1 54 58 89 79 12 80 69 61 58 70 23 81 99 58 94 89 96 5 74 58 69 5 59 50 13 70 14 88 43 14 24 41 24 73 83 26 64 86 35 56 69 35 39 13 56 80 11 96 66
TestCase-346
78
22 70 97 76 96 67 86 62 46 77 71 60 79 62 37 63 93 88 22 97 80 99 37 98 97 14 22 21 69 46 23 59 60 28 77 17 85 2 10 35 10 7 41 24 40 50 93 71 75 54 26 56 80 38 17 95 74 92 37 11 14 58 23 41 69 84 69 49 83 29 35 79 17 90 19 34 20 24
TestCase-347
34
2 26 97 56 31 9 58 66 22 41 100 56 89 45 63 4 43 43 31 46 5 25 49 89 79 82 69 22 5 43 92 70 79 96
TestCase-348
85
29 3 5 2 89 3 49 7 43 1 55 49 87 63 94 3 86 45 10 42 36 74 46 17 48 67 10 72 84 35 38 89 43 72 24 88 24 25 38 1 61 33 39 22 61 70 83 59 72 91 3 13 65 60 95 83 97 26 73 24 40 6 17 98 26 44 72 22 15 48 69 40 87 64 47 54 36 69 67 53 4 3 99 45 43
TestCase-349
45
78 83 43 72 81 49 12 16 40 92 40 62 57 92 83 70 34 98 27 23 49 68 59 9 36 52 91 34 80 41 63 93 65 75 70 55 91 18 35 18 63 46 95 32 1
TestCase-350
92
71 48 66 14 56 8 76 61 68 73 41 84 87 94 16 75 24 81 26 97 6 89 27 83 34 100 41 9 40 24 56 49 40 16 89 49 32 67 73 53 11 41 20 29 74 14 4 6 71 64 89 47 80 64 6 84 16 89 44 40 77 39 34 24 29 76 51 86 13 3 63 89 69 5 54 97 52 48 46 13 86 4 36 14 70 25 52 96 83 68 12 6
TestCase-351
74
97 62 32 57 99 60 5 65 54 62 23 72 56 26 68 36 86 12 38 47 26 81 71 12 55 29 43 59 99 56 5 10 34 61 88 35 14 63 91 52 46 51 93 5 7 80 84 93 38 1 77 40 14 79 62 46 77 63 99 64 22 61 8 65 48 88 1 32 44 23 8 25 8 38
TestCase-352
9
65 85 33 26 43 50 68 53 71
TestCase-353
15
89 98 76 86 37 50 51 65 64 76 85 34 73 32 23
TestCase-354
93
9 58 28 71 52 10 37 37 3 42 4 44 22 70 37 23 54 22 91 76 77 8 35 22 78 17 46 24 77 71 47 50 51 57 5 42 12 30 37 60 25 36 20 54 58 47 42 80 60 36 73 1 9 66 2 61 81 84 30 98 69 55 55 28 64 56 4 64 95 41 64 49 41 13 5 73 81 58 82 97 51 58 40 25 69 75 73 31 32 80 29 90 70
TestCase-355
56
89 2 58 50 75 21 48 7 73 94 54 75 8 11 77 39 36 21 97 1 65 84 26 78 61 20 50 100 79 60 25 56 100 61 40 80 1 69 93 88 42 81 48 24 4 87 72 26 6 70 97 94 9 15 38 12
TestCase-356
84
17 46 87 49 78 47 16 49 66 2 26 79 88 23 69 66 19 2 88 49 69 94 56 59 19 20 59 47 21 28 79 36 69 88 48 96 83 61 37 81 25 70 45 93 7 43 73 5 70 44 77 45 19 74 6 80 37 77 78 35 94 68 79 82 71 99 78 80 31 37 79 20 12 62 29 90 77 6 49 52 60 16 75 95
TestCase-357
28
60 50 49 34 41 29 39 87 85 77 87 8 53 98 35 23 65 22 47 18 34 75 71 13 59 15 95 87
TestCase-358
60
89 77 25 98 28 77 91 96 78 93 39 84 27 86 30 59 84 80 32 30 78 59 9 29 37 52 27 17 34 72 96 6 43 48 91 64 5 79 36 90 81 54 48 12 70 39 70 91 1 85 75 69 99 86 62 72 6 15 93 22
TestCase-359
73
29 72 3 73 76 25 8 38 52 93 79 86 48 83 41 89 69 83 45 30 51 20 58 67 74 33 60 22 70 11 38 58 64 89 14 19 7 14 28 71 4 77 36 32 27 100 43 48 19 28 55 30 5 50 7 16 37 89 74 24 64 8 91 90 33 94 16 55 88 7 83 56 86
TestCase-360
55
78 52 82 57 43 46 55 57 22 91 83 88 44 70 38 65 88 13 44 41 59 21 10 70 13 11 7 18 12 34 54 83 45 90 46 75 12 12 36 52 19 30 67 33 74 94 89 77 49 90 72 83 1 55 61
TestCase-361
19
5 69 19 35 84 93 81 73 11 60 43 56 100 51 39 100 77 11 61
TestCase-362
63
26 18 90 17 82 4 9 68 93 16 8 63 48 82 72 32 47 79 96 86 60 15 6 11 92 23 11 70 28 21 73 66 47 22 73 45 60 9 92 10 28 6 69 48 80 92 76 35 63 45 88 96 53 24 82 54 2 92 39 14 40 39 86
TestCase-363
68
94 40 67 68 26 2 66 40 18 60 79 67 54 29 25 87 31 85 46 26 34 1 48 47 34 32 51 59 68 11 54 32 60 20 88 27 47 70 28 27 11 82 95 36 20 33 81 7 81 84 98 22 36 46 82 63 96 31 26 25 44 19 1 30 23 57 76 59
TestCase-364
86
50 92 16 15 77 41 28 51 86 12 95 22 59 100 43 53 39 40 92 59 34 2 80 14 8 94 89 86 50 94 53 31 34 1 69 2 25 49 27 45 93 59 74 51 46 70 95 49 88 15 21 95 43 68 67 84 21 41 19 28 51 14 99 67 93 98 59 27 58 3 70 13 53 99 14 7 7 59 72 84 35 9 97 93 79 56
TestCase-365
13
7 7 39 70 76 77 70 14 67 46 38 69 15
TestCase-366
19
48 47 77 94 51 20 21 79 65 39 37 60 47 41 96 46 14 58 82
TestCase-367
87
73 7 85 48 13 74 79 32 49 19 90 21 97 14 45 95 3 100 63 90 24 74 71 19 10 74 2 29 30 22 34 32 15 18 69 93 22 22 39 100 94 5 22 84 99 40 89 73 98 31 13 85 34 35 71 52 1 42 69 43 72 17 60 73 41 96 19 62 70 6 8 22 67 53 67 43 99 40 72 24 16 5 54 28 5 63 97
TestCase-368
63
40 86 17 4 66 86 9 4 87 65 27 79 5 14 57 62 73 100 7 25 55 28 12 50 66 4 15 99 16 85 25 99 58 9 21 83 62 17 26 55 54 79 68 64 85 66 51 90 67 65 63 63 3 59 93 81 76 25 69 80 56 46 47
TestCase-369
72
53 40 81 25 40 28 75 37 12 53 54 44 64 12 69 97 72 32 8 88 95 58 74 79 29 84 59 100 57 77 47 12 1 64 44 18 3 24 38 23 74 33 9 1 97 52 78 41 55 94 14 65 68 31 87 8 26 1 53 51 52 4 22 62 15 31 77 95 86 49 99 60
TestCase-370
38
58 66 23 71 49 41 97 25 86 90 44 46 36 5 18 10 98 5 54 34 7 77 97 25 43 18 98 5 53 67 79 26 62 51 64 38 13 52
TestCase-371
33
75 82 56 20 20 81 35 34 74 10 79 79 88 15 60 14 58 83 60 27 51 53 67 96 45 36 37 85 18 30 46 92 54
TestCase-372
29
42 68 82 24 46 86 84 25 5 1 72 24 15 87 33 78 66 88 95 100 20 51 18 86 37 50 71 65 84
TestCase-373
55
90 61 61 8 24 32 88 81 26 17 92 22 9 64 77 35 47 32 82 17 3 54 54 28 27 89 13 68 11 83 45 70 31 47 31 81 9 18 87 100 25 69 33 100 44 14 85 27 24 47 92 62 41 20 66
TestCase-374
51
68 29 60 26 9 2 4 63 26 54 20 42 2 57 36 17 84 28 30 10 53 69 97 86 77 89 9 87 99 58 80 75 15 37 69 6 53 51 81 98 92 2 97 72 42 9 27 49 47 57 21
TestCase-375
15
93 66 33 8 86 29 61 7 25 79 57 94 48 55 11
TestCase-376
14
15 98 81 46 81 21 22 52 32 25 58 44 52 24
TestCase-377
9
12 67 7 62 39 66 60 67 79
TestCase-378
48
2 30 47 12 46 63 35 67 55 91 27 98 61 43 48 21 59 83 86 31 92 19 3 60 58 23 61 10 79 100 10 32 86 9 12 49 86 73 98 11 67 55 74 83 14 73 45 27
TestCase-379
99
33 85 8 10 46 69 72 98 100 99 43 72 5 34 90 88 12 83 47 64 76 63 80 88 83 41 43 19 94 63 32 31 41 17 66 57 77 14 17 20 48 68 91 59 97 50 68 37 16 98 69 94 18 73 40 18 89 63 42 17 85 67 7 23 19 100 69 96 9 38 11 77 52 32 60 37 79 11 81 32 5 79 37 67 86 84 32 45 36 12 33 59 5 35 6 20 97 67 67
TestCase-380
25
89 56 8 23 17 32 32 67 94 65 76 93 19 6 64 72 51 13 32 73 92 86 64 95 48
TestCase-381
30
49 49 67 24 59 13 68 71 40 2 29 60 85 47 71 14 45 34 42 11 77 50 31 61 10 95 77 25 40 36
TestCase-382
65
71 100 28 24 83 16 7 14 25 86 89 37 28 53 46 10 45 63 79 20 19 71 78 15 95 47 95 12 33 36 72 44 15 24 47 93 20 44 53 81 85 44 36 95 21 21 84 55 38 45 48 94 92 65 78 39 29 63 50 59 10 13 74 92 97
TestCase-383
87
27 68 45 57 63 71 76 47 40 7 91 93 2 80 30 44 57 99 55 88 84 39 78 46 11 92 27 31 42 89 53 94 1 94 47 32 99 90 40 94 23 34 55 17 54 36 3 36 93 25 63 81 91 14 45 78 52 62 98 32 38 31 67 73 85 67 3 57 55 31 89 60 13 66 14 2 7 71 16 89 13 4 39 23 71 70 37
TestCase-384
91
85 71 42 64 72 10 62 48 93 64 86 68 71 68 3 46 25 74 94 75 64 4 24 92 69 61 83 69 8 75 97 37 81 77 38 26 85 53 82 1 45 52 75 55 55 84 92 62 54 57 64 7 11 100 44 69 31 13 90 51 12 26 71 17 37 36 9 83 37 24 70 86 87 74 41 48 18 33 2 86 17 79 76 87 32 72 61 36 4 76 51
TestCase-385
98
94 64 72 61 29 10 77 52 100 47 85 10 36 54 74 42 9 36 23 20 67 47 23 13 24 2 68 67 84 7 98 96 54 80 8 88 90 98 7 27 79 62 27 12 46 12 32 35 88 47 100 40 45 6 20 49 51 53 77 21 48 91 6 22 52 77 1 69 34 57 53 26 59 90 71 82 54 53 44 82 4 6 51 4 61 56 47 62 17 61 34 18 10 6 66 80 45 34
TestCase-386
69
42 96 90 63 52 77 99 43 66 42 14 68 48 10 51 30 51 34 3 28 82 89 67 21 88 50 57 56 96 55 25 31 87 86 81 66 56 17 10 79 68 76 4 57 97 36 56 38 11 67 100 11 1 26 55 88 64 67 36 88 29 75 63 70 37 60 48 79 21
TestCase-387
64
88 39 60 63 14 85 21 84 87 24 4 68 7 38 12 33 89 34 58 7 85 57 38 86 37 93 7 87 76 14 54 76 29 68 21 21 87 24 46 34 93 27 86 36 85 81 33 14 93 1 77 31 68 57 26 94 83 22 11 77 4 44 5 58
TestCase-388
49
40 89 99 81 76 37 16 44 45 85 80 67 77 100 93 15 41 88 18 15 91 12 40 92 25 65 60 75 54 53 96 44 79 87 94 42 21 72 93 9 70 58 13 56 64 36 37 18 1
TestCase-389
57
49 39 96 53 90 83 45 34 72 30 17 4 45 93 60 71 4 7 50 52 87 85 100 14 10 11 74 24 15 78 47 81 25 26 17 3 89 35 45 6 32 47 77 47 99 39 10 35 1 48 56 36 46 97 20 29 71
TestCase-390
43
8 10 27 81 43 79 85 30 42 51 26 55 1 35 37 78 41 2 90 18 3 77 65 36 12 84 22 67 37 100 80 93 71 43 22 40 46 93 50 31 67 3 78
TestCase-391
30
97 21 2 38 26 39 30 17 42 4 21 40 6 28 31 27 40 73 95 61 11 41 37 59 16 64 20 41 80 38
TestCase-392
20
68 30 86 34 54 83 99 93 24 10 4 98 42 38 13 69 96 82 25 92
TestCase-393
68
21 30 60 62 65 5 18 65 48 24 4 64 2 58 1 54 46 4 94 49 55 78 52 25 84 10 92 97 7 13 91 40 65 55 85 58 8 51 63 91 65 86 19 7 80 77 42 97 5 82 99 36 92 24 85 78 33 48 55 17 68 18 52 6 62 29 70 30
TestCase-394
90
73 63 25 46 77 58 90 84 27 45 79 78 68 35 77 14 32 14 55 92 33 76 58 11 25 8 3 97 6 65 16 69 52 39 9 51 47 58 73 72 99 53 26 81 92 63 59 61 13 41 38 26 83 87 22 100 8 34 69 84 60 44 28 59 89 68 75 18 30 18 68 83 7 97 21 54 67 75 19 98 73 67 8 56 4 89 13 78 66 60
TestCase-395
28
53 80 15 28 36 61 63 61 78 59 65 67 15 68 29 66 77 1 64 97 58 91 93 11 59 42 72 79
TestCase-396
83
55 63 45 4 45 45 86 14 86 22 61 100 79 52 23 48 16 40 87 52 39 47 56 12 3 28 65 6 2 95 52 97 14 38 56 98 93 36 40 40 50 81 26 92 57 99 35 3 24 68 28 87 86 12 99 72 86 72 50 100 87 57 53 41 38 21 61 78 87 8 84 31 76 57 17 91 53 44 69 88 51 95 64
TestCase-397
82
100 36 64 83 42 60 49 61 73 22 56 76 80 4 84 41 62 2 63 4 80 69 57 100 56 34 68 5 26 9 1 45 88 20 16 14 79 19 95 94 35 22 63 90 5 84 90 7 40 75 8 71 44 49 69 91 36 40 64 97 24 33 100 62 72 55 48 62 65 44 72 43 10 25 25 48 46 29 4 17 85 62
TestCase-398
40
19 49 3 7 18 68 16 10 96 45 15 82 39 79 45 76 31 11 80 18 51 12 29 2 63 47 39 27 66 83 97 8 84 17 32 73 24 55 9 6
TestCase-399
39
32 55 34 18 56 61 39 84 18 64 2 47 67 18 33 3 66 14 33 41 62 15 95 90 37 47 89 5 43 16 44 50 80 29 13 7 78 13 84
TestCase-400
4
32 15 96 52
TestCase-401
32
59 42 57 61 37 90 84 66 28 18 62 40 77 68 22 59 68 52 57 99 13 66 2 32 60 64 17 40 24 95 10 69
TestCase-402
28
91 67 64 72 54 58 20 52 6 85 45 81 64 24 67 58 35 79 36 77 56 95 6 82 2 36 100 67
TestCase-403
14
92 78 32 40 69 6 20 59 37 14 45 98 96 90
TestCase-404
94
94 100 5 60 66 26 46 63 9 37 8 69 31 55 73 42 51 94 72 81 26 72 92 54 38 61 29 42 4 72 71 13 53 8 68 5 52 47 62 46 72 98 23 17 50 21 10 77 91 99 49 21 10 58 84 54 86 45 14 36 2 1 74 64 37 31 65 47 65 45 39 63 13 23 59 89 84 73 67 39 45 28 82 5 60 97 75 9 14 48 36 22 97 25
TestCase-405
21
36 65 43 71 30 95 46 55 25 32 50 70 65 31 49 33 4 69 43 12 45
TestCase-406
38
8 50 51 93 1 2 58 21 47 78 31 100 80 84 61 32 6 40 33 77 95 37 14 88 3 63 96 90 79 90 59 80 72 54 3 99 6 67
TestCase-407
88
44 73 64 74 6 82 43 100 20 48 54 34 11 34 95 4 84 82 9 73 87 27 24 11 6 72 23 62 69 90 40 76 96 54 35 53 23 68 12 37 88 40 67 63 87 90 91 49 15 17 70 63 86 51 26 33 77 23 42 98 70 42 81 51 9 17 29 20 62 1 61 69 96 24 11 83 13 80 35 24 95 88 45 22 79 37 76 93
TestCase-408
64
8 2 45 8 65 45 44 43 15 55 40 55 40 63 36 56 49 30 6 64 27 2 92 68 9 53 86 36 74 12 31 42 8 15 81 20 10 50 20 75 7 49 85 43 24 1 42 44 49 9 30 91 68 34 37 66 9 68 2 45 34 68 90 60
TestCase-409
40
71 3 70 81 58 91 17 46 88 18 43 36 30 14 67 13 81 41 90 55 13 82 1 95 14 31 21 53 18 100 22 84 40 47 45 15 80 3 76 28
TestCase-410
85
84 16 90 100 56 26 34 44 65 85 100 83 73 57 99 24 49 98 33 60 47 51 15 22 27 28 8 81 96 16 76 58 47 80 2 75 12 65 20 34 71 75 65 92 23 34 47 11 21 3 60 3 29 52 56 5 47 81 23 96 36 21 22 14 72 30 26 14 10 8 15 85 100 78 61 54 29 41 37 94 19 94 56 41 12
TestCase-411
4
74 94 84 49
TestCase-412
5
49 99 31 23 6
TestCase-413
1
83
TestCase-414
82
9 16 87 83 54 98 54 99 26 82 91 58 28 38 29 14 52 13 10 97 27 18 28 34 84 79 53 79 65 91 18 94 64 90 28 84 53 49 24 56 99 27 71 57 91 84 54 60 38 57 96 81 97 27 91 4 59 17 74 60 25 32 30 95 2 52 94 25 27 29 38 21 97 4 82 57 71 22 1 74 12 34
TestCase-415
79
76 13 85 76 10 3 18 50 87 48 2 83 89 75 99 7 83 40 80 19 94 32 93 27 93 35 15 79 26 32 43 7 67 25 51 3 10 51 55 34 73 6 20 6 31 44 90 100 34 71 11 24 2 20 37 58 57 39 80 50 89 49 69 21 87 96 59 3 71 1 72 47 41 46 26 68 11 15 61
TestCase-416
64
31 92 59 63 38 62 31 80 25 48 28 62 77 95 55 69 81 28 95 63 71 19 23 18 43 61 89 96 15 2 26 80 3 34 90 65 16 24 20 16 27 42 83 66 19 55 29 58 44 13 89 64 100 71 32 34 74 92 30 44 45 38 16 65
TestCase-417
61
44 54 22 37 52 86 49 97 85 98 25 53 74 83 38 15 32 55 90 11 49 26 21 94 54 60 53 35 94 11 17 12 55 66 63 2 62 13 3 9 40 30 28 72 63 81 97 64 32 94 38 67 61 2 59 91 91 79 83 98 1
TestCase-418
12
55 57 7 17 7 20 55 24 67 73 15 9
TestCase-419
15
15 52 40 19 85 68 52 90 30 37 31 28 31 3 54
TestCase-420
6
100 44 53 98 29 3
TestCase-421
51
8 92 13 82 18 45 61 9 55 1 43 81 86 38 35 23 20 92 28 86 97 26 61 55 58 10 59 82 41 22 2 77 40 79 73 70 98 66 57 68 79 6 99 64 11 67 67 99 3 10 94
TestCase-422
77
32 61 46 6 27 35 53 21 54 36 21 45 34 2 63 64 37 19 6 14 43 65 78 75 23 71 90 5 96 42 57 93 36 42 36 72 91 77 90 47 100 54 9 10 27 72 35 41 7 53 26 31 97 37 31 79 25 10 20 43 26 25 77 65 47 29 97 92 3 35 4 99 85 1 13 88 63
TestCase-423
9
95 21 85 72 29 17 37 8 54
TestCase-424
71
28 50 61 6 1 67 23 10 55 67 50 26 11 72 19 18 34 17 94 99 92 67 61 3 62 44 66 65 62 6 53 22 24 64 100 74 58 10 22 13 93 9 2 43 80 13 7 15 25 74 47 63 72 97 96 55 3 100 87 84 41 73 94 99 62 53 45 11 50 39 66
TestCase-425
100
39 77 15 66 79 87 33 85 98 26 16 44 73 11 13 59 83 79 20 80 83 98 30 96 74 63 63 27 20 20 32 21 41 43 93 51 68 6 26 7 75 35 24 19 36 88 67 5 80 34 54 94 28 60 59 60 67 24 53 55 2 23 64 12 27 3 27 95 13 53 58 8 4 36 94 100 95 74 58 62 33 82 92 49 49 91 68 22 30 75 36 63 18 93 23 35 82 50 62 47
TestCase-426
12
3 16 40 70 74 92 37 24 73 58 47 26
TestCase-427
96
44 76 92 60 31 81 94 55 94 63 37 80 100 26 61 59 90 53 57 58 10 17 70 63 79 7 19 5 42 19 36 52 82 56 80 98 72 17 95 47 70 92 86 30 23 35 42 72 6 73 5 33 28 14 3 58 18 67 78 18 78 11 18 70 35 38 96 27 85 76 34 91 19 10 7 70 28 15 78 52 46 81 93 8 25 14 36 17 59 8 31 50 29 16 96 51
TestCase-428
80
73 81 83 98 44 31 54 96 15 30 35 3 59 79 6 7 1 54 44 34 31 64 29 46 74 31 65 16 26 46 58 79 28 64 3 95 75 1 82 11 21 40 6 29 57 55 75 34 79 27 10 45 64 96 78 23 41 74 18 66 11 23 40 100 34 54 44 19 75 84 67 42 38 12 48 48 90 64 70 12
TestCase-429
68
83 91 53 12 93 73 26 58 51 25 96 71 8 48 4 39 21 61 42 78 68 25 56 48 41 82 23 42 71 11 14 90 82 45 38 60 26 58 18 16 2 57 42 95 2 98 32 86 87 84 80 34 3 95 82 57 77 23 38 12 30 25 36 53 3 22 83 90
TestCase-430
22
91 66 31 33 19 21 25 88 100 12 24 86 32 47 15 32 59 71 97 17 33 50
TestCase-431
7
43 17 72 29 52 95 46
TestCase-432
63
71 69 73 41 85 83 28 78 31 41 69 25 66 43 62 9 88 2 36 37 55 58 62 83 97 44 20 97 96 44 27 13 65 11 84 63 26 89 82 20 89 97 85 84 67 74 17 84 44 62 20 71 10 28 75 3 58 83 53 43 3 12 65
TestCase-433
19
20 38 50 36 40 73 73 18 75 12 85 93 72 84 40 19 65 7 19
TestCase-434
17
93 7 94 92 29 13 92 90 36 81 20 44 35 19 13 29 29
TestCase-435
48
7 42 18 4 11 62 89 28 42 94 53 90 52 76 90 50 2 100 51 64 42 86 93 42 3 2 87 87 13 34 82 43 94 42 82 86 53 40 45 81 22 82 35 53 78 62 42 84
TestCase-436
48
83 18 20 39 54 40 78 53 3 23 73 7 69 43 89 76 50 50 30 30 27 34 59 76 28 77 26 38 86 51 78 26 62 49 50 54 54 66 20 89 91 1 73 74 93 48 81 16
TestCase-437
70
4 44 67 23 30 39 10 92 59 71 12 51 48 83 23 22 43 46 15 72 83 51 42 51 80 71 23 13 43 17 46 96 35 97 61 31 19 99 56 11 20 72 18 66 16 40 3 39 18 55 45 100 83 64 99 14 64 26 30 55 16 69 27 31 100 15 67 75 8 71
TestCase-438
13
25 25 5 47 18 83 96 30 84 66 65 1 63
TestCase-439
82
28 46 21 71 86 35 61 27 22 91 74 72 27 74 30 22 39 67 75 15 24 81 79 17 23 3 58 79 55 79 30 73 85 33 71 6 77 61 93 26 4 62 48 47 9 84 66 67 58 36 75 50 38 95 2 61 69 47 45 81 67 29 5 58 30 37 57 28 61 5 5 100 19 74 91 32 27 46 8 96 64 38
TestCase-440
85
43 37 67 42 95 62 89 85 19 40 88 26 60 71 43 32 56 75 51 12 78 95 78 9 36 94 86 27 54 52 52 57 32 72 6 31 50 72 71 79 92 68 89 16 6 74 49 75 47 96 43 40 58 76 35 1 11 50 84 81 49 57 86 4 57 35 94 52 33 61 43 90 72 98 24 17 4 80 3 32 40 88 28 38 29
TestCase-441
24
11 8 37 9 47 6 59 88 64 51 40 24 17 57 12 14 92 16 5 96 32 51 55 49
TestCase-442
63
62 37 2 36 2 11 87 97 43 59 51 23 93 46 51 91 51 8 40 46 24 84 48 80 7 41 15 88 35 46 13 19 44 81 84 80 93 92 43 78 90 21 42 27 58 32 51 91 58 18 91 9 8 75 30 10 28 4 92 48 82 52 53
TestCase-443
8
52 66 71 98 89 28 71 93
TestCase-444
54
70 26 7 44 31 55 25 44 79 86 84 94 71 83 48 32 100 34 10 44 95 29 45 27 50 78 67 72 8 99 61 41 94 2 81 37 7 44 75 92 82 16 93 78 63 66 61 7 23 70 22 70 93 28
TestCase-445
86
97 86 54 27 81 17 17 32 72 20 2 23 60 71 88 15 81 46 30 80 35 65 97 56 15 33 66 58 42 14 49 64 13 5 77 21 55 24 80 45 100 71 80 72 9 23 2 49 19 16 90 41 100 99 91 9 100 65 28 6 89 17 4 22 36 38 61 19 34 62 98 18 62 80 79 31 64 18 33 31 82 25 6 92 4 13
TestCase-446
11
64 48 89 73 60 60 45 51 5 87 9
TestCase-447
43
92 25 2 20 33 29 46 58 49 5 75 93 96 86 83 10 14 74 49 29 61 77 46 73 90 26 78 95 92 5 8 41 82 17 76 79 79 80 62 49 29 65 93
TestCase-448
17
31 97 71 74 10 2 28 34 32 14 58 1 2 59 31 30 91
TestCase-449
22
47 55 28 93 92 6 94 7 17 7 20 18 88 25 62 15 80 36 12 86 71 55
TestCase-450
34
18 40 40 87 89 96 10 37 20 7 31 32 71 8 31 59 54 92 42 4 1 81 39 70 28 100 89 6 81 40 94 80 25 5
TestCase-451
71
72 15 49 66 71 5 63 31 100 76 67 37 86 86 60 59 59 80 74 68 60 94 40 33 35 63 57 10 92 58 37 38 61 10 19 48 34 46 56 100 28 75 58 64 40 66 47 46 48 12 49 7 100 62 31 42 43 76 48 85 86 43 45 70 97 70 2 25 46 46 3
TestCase-452
57
70 15 23 11 73 32 93 68 18 99 67 82 36 49 35 57 81 97 33 59 42 50 51 73 42 52 46 89 4 50 47 4 13 98 14 25 56 40 33 51 78 66 73 99 6 9 1 4 11 89 31 92 17 71 15 45 66
TestCase-453
70
60 40 56 50 23 42 47 71 71 98 63 3 99 30 36 32 73 35 16 11 82 14 69 65 3 17 96 14 54 72 45 73 78 84 20 73 35 96 77 53 34 52 64 86 36 4 66 62 77 46 71 92 94 70 47 17 45 27 83 75 76 78 21 39 95 90 41 99 64 41
TestCase-454
100
6 93 45 96 10 45 69 92 52 11 56 59 55 52 94 7 20 30 71 31 80 77 1 5 36 78 55 37 6 25 3 14 74 9 65 95 51 9 22 93 29 11 11 97 8 41 39 47 80 19 77 91 43 57 38 89 74 39 80 27 33 25 34 89 51 89 43 64 26 14 71 73 50 73 55 94 31 77 58 15 68 61 19 14 98 14 50 91 25 2 81 77 36 2 38 10 15 77 75 25
TestCase-455
3
65 54 72
TestCase-456
6
7 96 26 61 33 57
TestCase-457
91
95 66 22 28 11 31 71 15 49 55 97 80 23 90 89 3 89 69 98 17 78 75 80 80 18 97 26 84 83 83 28 43 14 65 38 91 55 91 19 26 40 87 23 11 99 77 48 77 12 35 71 47 22 53 76 82 84 96 83 77 63 30 27 32 90 6 52 86 56 60 61 30 16 27 57 53 67 58 93 43 47 23 37 94 3 36 2 91 29 82 99
TestCase-458
84
57 26 83 74 54 33 40 55 47 98 4 72 84 79 60 42 16 58 71 98 29 24 83 20 33 90 85 23 66 89 59 63 2 60 59 30 18 66 37 27 58 54 37 72 52 89 18 31 92 79 70 3 7 20 29 24 11 83 57 48 56 74 6 70 13 65 81 53 58 80 96 82 98 5 53 96 71 45 12 19 93 2 96 37
TestCase-459
9
79 71 60 68 17 93 38 90 90
TestCase-460
16
85 57 66 70 32 34 44 72 15 62 65 38 59 85 8 98
TestCase-461
82
8 18 19 46 68 58 36 93 55 79 4 81 8 42 73 52 78 9 45 61 57 29 86 82 65 46 11 42 52 37 5 15 15 95 7 51 57 3 3 27 41 46 49 14 98 86 27 82 78 28 86 77 72 5 37 88 51 46 22 34 66 91 73 15 58 44 92 24 44 51 82 70 7 45 27 74 24 60 67 3 47 29
TestCase-462
92
33 62 26 78 71 97 57 10 31 68 63 98 80 28 30 35 33 93 39 64 35 80 38 24 65 92 48 25 58 6 60 68 89 96 33 63 65 86 94 17 41 53 98 78 51 16 39 38 43 79 74 23 55 99 40 29 46 15 64 40 11 1 34 52 41 5 20 85 30 48 22 28 39 11 44 22 51 7 4 82 81 47 57 8 90 72 70 91 33 16 46 92
TestCase-463
55
35 8 81 93 55 67 46 84 8 54 42 30 79 53 40 33 92 86 58 15 99 41 27 2 19 93 34 43 92 73 18 54 33 24 3 48 57 7 12 28 16 29 86 100 79 77 60 7 41 87 94 54 67 60 59
TestCase-464
60
18 4 4 14 16 47 17 36 2 13 65 15 50 50 100 51 49 68 73 87 51 2 87 99 73 27 89 44 67 67 43 14 90 82 37 46 4 62 59 38 95 37 10 78 5 58 91 48 62 63 55 15 30 46 56 66 33 11 40 96
TestCase-465
78
82 96 69 25 79 32 28 57 86 95 16 57 94 20 40 83 43 35 75 82 44 64 42 77 5 59 37 84 76 59 38 61 49 20 41 94 41 91 76 50 91 75 93 86 62 98 94 90 88 26 59 27 83 38 78 49 55 38 36 8 48 57 100 80 35 97 51 55 69 11 37 4 31 99 63 92 98 94
TestCase-466
38
98 3 87 29 85 36 33 85 53 100 82 56 66 19 3 56 92 64 53 81 47 37 72 78 47 88 17 10 82 67 96 69 41 29 77 81 63 81
TestCase-467
78
97 70 37 6 96 30 53 15 74 65 61 61 84 85 9 45 73 83 24 16 76 19 69 97 54 97 95 64 28 21 90 68 53 75 73 35 80 99 13 89 4 95 1 69 74 35 89 97 64 50 97 82 71 37 87 26 45 71 36 13 52 13 42 32 80 21 23 33 9 46 48 40 56 81 35 93 22 37
TestCase-468
69
94 58 63 54 46 3 70 87 9 60 75 54 29 11 7 64 10 45 13 95 88 69 22 57 52 40 13 84 10 54 96 88 38 10 36 11 76 74 98 19 7 87 2 61 1 8 8 69 41 40 73 19 57 39 3 41 3 77 75 28 29 90 95 23 59 7 52 62 2
TestCase-469
50
92 58 32 99 12 42 23 26 31 63 89 6 81 96 99 6 72 31 86 47 28 92 41 50 40 51 83 66 78 84 39 17 60 82 47 72 18 11 76 26 85 39 26 16 71 80 78 80 81 42
TestCase-470
31
20 100 28 99 93 52 16 14 21 56 76 73 37 60 17 5 61 47 58 47 99 27 44 38 4 16 83 86 43 89 94
TestCase-471
33
66 17 100 25 71 60 4 71 53 42 63 22 8 39 95 73 63 35 98 66 64 95 31 99 7 15 23 78 44 58 91 28 30
TestCase-472
11
47 79 56 91 28 79 58 67 24 34 41
TestCase-473
55
91 23 36 98 81 25 73 99 56 49 46 90 63 40 21 89 94 10 39 89 68 79 67 60 39 73 73 21 54 87 59 64 83 17 49 15 55 33 26 14 94 97 14 51 64 37 24 6 64 36 21 15 13 60 34
TestCase-474
11
61 74 86 92 80 82 96 75 82 28 86
TestCase-475
10
58 38 76 25 4 16 79 60 80 50
TestCase-476
74
34 86 9 13 49 29 80 77 15 35 91 3 17 51 81 33 10 4 9 36 38 39 97 33 68 76 82 78 78 79 89 100 99 38 58 87 6 94 36 66 21 20 2 99 64 2 10 28 17 45 12 32 21 70 27 23 55 40 7 51 90 3 41 79 7 29 49 36 40 41 51 85 62 95
TestCase-477
45
42 32 35 46 83 91 90 48 60 84 95 29 30 18 30 20 99 34 76 38 30 15 48 81 66 62 53 34 83 49 99 1 30 87 35 60 6 63 27 100 46 89 94 3 10
TestCase-478
25
28 91 33 76 40 100 77 90 49 11 55 96 95 81 31 88 13 31 2 12 32 46 3 61 44
TestCase-479
54
60 87 22 21 100 86 38 11 64 41 40 24 1 5 63 72 85 9 3 48 97 23 80 79 11 42 68 10 3 95 87 17 60 58 58 28 96 46 47 49 62 84 98 85 21 53 100 71 64 79 2 74 51 95
TestCase-480
88
67 96 15 7 57 57 52 90 1 90 55 85 9 47 94 51 50 39 85 25 65 39 86 96 83 98 71 73 9 35 9 54 9 83 30 29 15 3 13 17 53 72 2 14 30 40 9 12 27 20 54 44 76 92 70 77 80 20 66 51 23 62 38 46 12 79 56 31 90 93 41 61 47 74 61 4 78 21 55 79 58 59 15 24 77 69 51 100
TestCase-481
43
6 46 92 82 68 43 95 76 75 60 95 82 41 75 79 79 77 5 76 94 63 42 86 80 68 1 56 97 58 69 12 27 84 23 80 42 49 89 24 14 99 82 24
TestCase-482
9
27 33 73 45 36 92 41 43 13
TestCase-483
11
99 37 40 31 32 46 86 31 89 19 40
TestCase-484
71
70 35 40 49 50 25 3 47 47 11 41 38 34 91 95 60 54 59 58 20 60 20 21 26 31 6 25 41 98 72 48 16 2 2 54 20 98 27 93 11 12 65 6 100 4 46 48 92 4 37 17 79 82 27 75 50 90 3 91 39 59 37 12 9 50 85 51 74 56 29 55
TestCase-485
26
23 43 6 94 27 3 77 24 9 50 84 18 74 27 82 24 58 7 85 29 71 60 69 82 58 49
TestCase-486
44
91 39 76 66 23 9 46 86 27 66 37 55 9 26 19 84 1 27 41 82 78 20 16 81 1 88 14 77 64 46 65 82 59 41 31 30 33 49 94 36 32 42 23 18
TestCase-487
73
79 79 77 32 72 8 38 40 31 20 60 11 54 80 92 10 59 94 68 86 67 6 23 50 66 95 26 38 24 85 98 8 33 78 64 14 14 31 19 33 93 73 90 34 45 76 75 93 56 3 30 50 14 27 5 48 80 85 41 27 63 33 21 79 50 12 45 7 63 70 57 22 50
TestCase-488
41
68 40 80 31 90 67 81 74 14 9 44 61 68 84 56 89 60 19 24 34 50 39 55 9 17 89 73 7 91 3 73 52 64 59 65 36 16 91 46 35 85
TestCase-489
75
68 53 34 75 76 89 27 92 71 79 68 3 73 16 40 78 65 40 16 48 73 54 90 58 2 10 26 24 4 31 53 49 90 68 51 21 53 34 47 3 95 8 69 54 75 18 10 60 12 39 91 70 97 72 79 30 96 26 65 43 11 94 70 79 39 40 53 47 62 62 22 91 29 58 82
TestCase-490
41
57 16 18 37 36 14 49 28 2 66 7 62 11 53 56 87 33 59 17 36 94 64 11 58 36 75 14 24 98 3 52 95 23 48 79 2 2 59 12 95 100
TestCase-491
53
11 1 88 28 13 70 96 42 31 54 95 77 37 61 15 82 80 66 67 72 77 28 81 58 52 76 85 36 64 29 86 44 49 28 38 38 40 82 91 59 21 77 47 45 85 56 58 65 64 44 38 100 95
TestCase-492
14
96 8 45 72 60 42 21 31 100 49 53 99 30 82
TestCase-493
10
78 100 83 50 94 37 63 32 12 43
TestCase-494
51
24 44 55 1 1 70 17 56 87 15 64 79 63 97 87 56 72 57 87 58 46 47 34 84 99 55 40 41 44 86 55 49 55 37 88 27 31 21 79 97 95 88 44 85 83 1 10 95 68 26 70
TestCase-495
53
82 27 97 13 77 60 91 94 63 59 67 91 43 54 16 98 51 99 91 95 83 80 14 35 52 100 96 48 63 19 35 42 39 72 94 79 65 31 60 67 18 20 9 72 16 46 96 8 20 75 73 65 15
TestCase-496
19
92 25 51 8 100 83 41 87 15 97 81 99 59 70 75 16 84 62 86
TestCase-497
96
13 68 24 42 10 57 19 6 31 79 80 70 1 38 63 39 99 32 57 63 77 87 33 69 12 46 76 43 13 93 58 23 4 57 91 30 16 64 49 12 33 59 96 19 74 68 75 60 52 79 33 92 52 41 12 77 37 56 89 57 48 88 3 73 98 35 5 80 23 44 45 100 6 24 22 12 84 88 92 95 22 72 16 83 89 97 84 80 8 47 63 54 89 16 43 35
TestCase-498
51
83 96 4 34 64 93 86 7 39 71 19 94 95 64 68 40 90 25 54 50 14 68 20 53 96 20 62 67 37 5 56 95 13 59 93 72 82 56 68 7 20 64 22 52 96 35 58 32 53 17 23
TestCase-499
20
1 53 2 83 96 86 24 91 51 91 100 68 32 93 18 99 40 30 93 58
TestCase-500
78
54 24 68 61 55 31 56 36 12 35 41 56 55 15 43 45 32 98 49 75 48 65 20 64 82 5 36 77 58 84 48 11 50 10 56 34 92 46 97 77 74 76 50 3 66 57 7 73 82 91 95 52 36 72 69 16 78 17 65 96 64 91 4 78 96 76 61 98 58 53 62 55 20 12 59 50 96 58
TestCase-501
1
1
TestCase-502
1
100
TestCase-503
100
1 1 1 1 1 1 1 1 1 1 1 1 1 1 1 1 1 1 1 1 1 1 1 1 1 1 1 1 1 1 1 1 1 1 1 1 1 1 1 1 1 1 1 1 1 1 1 1 1 1 1 1 1 1 1 1 1 1 1 1 1 1 1 1 1 1 1 1 1 1 1 1 1 1 1 1 1 1 1 1 1 1 1 1 1 1 1 1 1 1 1 1 1 1 1 1 1 1 1 1
TestCase-504
100
100 100 100 100 100 100 100 100 100 100 100 100 100 100 100 100 100 100 100 100 100 100 100 100 100 100 100 100 100 100 100 100 100 100 100 100 100 100 100 100 100 100 100 100 100 100 100 100 100 100 100 100 100 100 100 100 100 100 100 100 100 100 100 100 100 100 100 100 100 100 100 100 100 100 100 100 100 100 100 100 100 100 100 100 100 100 100 100 100 100 100 100 100 100 100 100 100 100 100 100
TestCase-505
100
1 2 3 4 5 6 7 8 9 10 11 12 13 14 15 16 17 18 19 20 21 22 23 24 25 26 27 28 29 30 31 32 33 34 35 36 37 38 39 40 41 42 43 44 45 46 47 48 49 50 51 52 53 54 55 56 57 58 59 60 61 62 63 64 65 66 67 68 69 70 71 72 73 74 75 76 77 78 79 80 81 82 83 84 85 86 87 88 89 90 91 92 93 94 95 96 97 98 99 100
TestCase-506
100
100 99 98 97 96 95 94 93 92 91 90 89 88 87 86 85 84 83 82 81 80 79 78 77 76 75 74 73 72 71 70 69 68 67 66 65 64 63 62 61 60 59 58 57 56 55 54 53 52 51 50 49 48 47 46 45 44 43 42 41 40 39 38 37 36 35 34 33 32 31 30 29 28 27 26 25 24 23 22 21 20 19 18 17 16 15 14 13 12 11 10 9 8 7 6 5 4 3 2 1
TestCase-507
6
42 17 3 56 29 11
TestCase-508
5
88 21 14 35 62
TestCase-509
6
90 81 24 15 60 33
TestCase-510
5
50 45 9 18 32
