113
TestCase-1
25
356 445 534 623 712 801 890 979 1068 1157 1246 1335 1424 1513 1602 1691 1780 1869 1958 2136 2225 2314 2403 2492 2581
TestCase-2
59
266 336 406 476 546 616 686 756 826 896 966 1036 1106 1176 1246 1316 1386 1456 1596 1666 1736 1806 1876 1946 2016 2086 2156 2226 2296 2366 2436 2506 2576 2646 2716 2786 2856 2926 2996 3066 3136 3206 3276 3346 3416 3486 3556 3626 3696 3766 3836 3906 3976 4046 4116 4186 4256 4326 4396
TestCase-3
67
153 168 183 198 228 243 258 273 288 303 318 333 348 363 378 393 408 423 438 453 468 483 498 513 528 543 558 573 588 603 618 633 648 663 678 693 708 723 738 753 768 783 798 813 828 843 858 873 888 903 918 933 948 963 978 993 1008 1023 1038 1053 1068 1083 1098 1113 1128 1143 1158
TestCase-4
80
423 496 569 642 715 788 861 934 1007 1080 1153 1226 1299 1372 1445 1518 1591 1664 1737 1810 1883 1956 2029 2102 2248 2321 2394 2467 2540 2613 2686 2759 2832 2905 2978 3051 3124 3197 3270 3343 3416 3489 3562 3635 3708 3781 3854 3927 4000 4073 4146 4219 4292 4365 4438 4511 4584 4657 4730 4803 4876 4949 5022 5095 5168 5241 5314 5387 5460 5533 5606 5679 5752 5825 5898 5971 6044 6117 6190 6263
TestCase-5
30
185 195 205 225 235 245 255 265 275 285 295 305 315 325 335 345 355 365 375 385 395 405 415 425 435 445 455 465 475 485
TestCase-6
83
500 531 562 593 624 655 686 717 748 779 810 872 903 934 965 996 1027 1058 1089 1120 1151 1182 1213 1244 1275 1306 1337 1368 1399 1430 1461 1492 1523 1554 1585 1616 1647 1678 1709 1740 1771 1802 1833 1864 1895 1926 1957 1988 2019 2050 2081 2112 2143 2174 2205 2236 2267 2298 2329 2360 2391 2422 2453 2484 2515 2546 2577 2608 2639 2670 2701 2732 2763 2794 2825 2856 2887 2918 2949 2980 3011 3042 3073
TestCase-7
13
66 184 243 302 361 420 479 538 597 656 715 774 833
TestCase-8
91
488 523 558 593 628 663 698 733 768 803 838 873 908 943 978 1013 1048 1083 1118 1153 1188 1223 1258 1293 1328 1363 1398 1433 1468 1503 1538 1573 1608 1643 1678 1713 1748 1783 1818 1853 1888 1923 1958 1993 2028 2063 2098 2133 2168 2203 2238 2273 2308 2343 2378 2413 2448 2483 2518 2553 2588 2623 2658 2693 2728 2763 2798 2833 2868 2903 2973 3008 3043 3078 3113 3148 3183 3218 3253 3288 3323 3358 3393 3428 3463 3498 3533 3568 3603 3638 3673
TestCase-9
100
295 377 459 541 623 705 787 869 951 1033 1115 1197 1279 1361 1443 1525 1607 1689 1771 1853 1935 2017 2099 2181 2263 2345 2427 2509 2591 2673 2755 2837 2919 3001 3083 3165 3247 3329 3411 3493 3575 3657 3739 3821 3903 3985 4067 4149 4231 4313 4395 4477 4559 4641 4723 4805 4887 4969 5051 5133 5215 5297 5379 5461 5543 5625 5789 5871 5953 6035 6117 6199 6281 6363 6445 6527 6609 6691 6773 6855 6937 7019 7101 7183 7265 7347 7429 7511 7593 7675 7757 7839 7921 8003 8085 8167 8249 8331 8413 8495
TestCase-10
65
93 174 255 336 417 498 579 660 741 822 903 984 1065 1146 1227 1308 1389 1470 1551 1632 1713 1794 1875 1956 2037 2118 2199 2361 2442 2523 2604 2685 2766 2847 2928 3009 3090 3171 3252 3333 3414 3495 3576 3657 3738 3819 3900 3981 4062 4143 4224 4305 4386 4467 4548 4629 4710 4791 4872 4953 5034 5115 5196 5277 5358
TestCase-11
93
451 526 601 676 751 826 901 976 1051 1126 1201 1276 1351 1426 1501 1576 1651 1726 1801 1876 1951 2026 2101 2251 2326 2401 2476 2551 2626 2701 2776 2851 2926 3001 3076 3151 3226 3301 3376 3451 3526 3601 3676 3751 3826 3901 3976 4051 4126 4201 4276 4351 4426 4501 4576 4651 4726 4801 4876 4951 5026 5101 5176 5251 5326 5401 5476 5551 5626 5701 5776 5851 5926 6001 6076 6151 6226 6301 6376 6451 6526 6601 6676 6751 6826 6901 6976 7051 7126 7201 7276 7351 7426
TestCase-12
76
493 573 653 733 813 893 973 1053 1133 1213 1293 1373 1453 1533 1613 1693 1773 1853 1933 2013 2093 2173 2253 2333 2413 2493 2573 2653 2733 2813 2893 2973 3053 3133 3213 3293 3373 3453 3533 3613 3693 3773 3853 3933 4013 4093 4173 4253 4333 4413 4493 4573 4653 4733 4813 4893 4973 5133 5213 5293 5373 5453 5533 5613 5693 5773 5853 5933 6013 6093 6173 6253 6333 6413 6493 6573
TestCase-13
85
288 378 468 558 648 738 828 918 1008 1098 1188 1278 1368 1458 1548 1638 1728 1818 1908 1998 2088 2178 2268 2358 2448 2538 2628 2718 2808 2898 2988 3078 3168 3258 3348 3438 3528 3618 3708 3798 3888 4068 4158 4248 4338 4428 4518 4608 4698 4788 4878 4968 5058 5148 5238 5328 5418 5508 5598 5688 5778 5868 5958 6048 6138 6228 6318 6408 6498 6588 6678 6768 6858 6948 7038 7128 7218 7308 7398 7488 7578 7668 7758 7848 7938
TestCase-14
92
380 465 550 635 720 805 890 975 1060 1145 1230 1315 1400 1485 1570 1655 1740 1825 1910 1995 2165 2250 2335 2420 2505 2590 2675 2760 2845 2930 3015 3100 3185 3270 3355 3440 3525 3610 3695 3780 3865 3950 4035 4120 4205 4290 4375 4460 4545 4630 4715 4800 4885 4970 5055 5140 5225 5310 5395 5480 5565 5650 5735 5820 5905 5990 6075 6160 6245 6330 6415 6500 6585 6670 6755 6840 6925 7010 7095 7180 7265 7350 7435 7520 7605 7690 7775 7860 7945 8030 8115 8200
TestCase-15
91
353 364 375 386 397 408 419 430 441 452 463 474 485 496 507 518 529 540 551 562 573 584 595 606 628 639 650 661 672 683 694 705 716 727 738 749 760 771 782 793 804 815 826 837 848 859 870 881 892 903 914 925 936 947 958 969 980 991 1002 1013 1024 1035 1046 1057 1068 1079 1090 1101 1112 1123 1134 1145 1156 1167 1178 1189 1200 1211 1222 1233 1244 1255 1266 1277 1288 1299 1310 1321 1332 1343 1354
TestCase-16
57
8 73 138 203 268 333 398 463 528 593 658 723 788 853 918 983 1048 1113 1178 1243 1308 1373 1438 1503 1568 1633 1698 1763 1828 1893 1958 2023 2088 2153 2218 2348 2413 2478 2543 2608 2673 2738 2803 2868 2933 2998 3063 3128 3193 3258 3323 3388 3453 3518 3583 3648 3713
TestCase-17
39
255 302 349 396 443 490 537 584 631 678 725 772 819 866 913 960 1007 1054 1101 1148 1195 1242 1289 1336 1383 1430 1477 1524 1571 1665 1712 1759 1806 1853 1900 1947 1994 2041 2088
TestCase-18
6
260 416 494 572 650 728
TestCase-19
64
23 35 47 59 71 83 95 107 119 131 143 155 167 179 191 203 215 227 239 251 263 275 287 299 311 323 335 347 359 371 383 395 407 419 431 443 455 479 491 503 515 527 539 551 563 575 587 599 611 623 635 647 659 671 683 695 707 719 731 743 755 767 779 791
TestCase-20
19
354 369 384 399 414 429 444 459 474 489 504 519 534 549 564 594 609 624 639
TestCase-21
11
136 204 272 340 408 476 544 612 680 748 884
TestCase-22
46
125 188 251 314 377 440 503 566 629 692 755 818 881 944 1007 1070 1133 1196 1259 1322 1385 1448 1511 1574 1637 1700 1763 1826 1952 2015 2078 2141 2204 2267 2330 2393 2456 2519 2582 2645 2708 2771 2834 2897 2960 3023
TestCase-23
33
425 445 465 505 525 545 565 585 605 625 645 665 685 705 725 745 765 785 805 825 845 865 885 905 925 945 965 985 1005 1025 1045 1065 1085
TestCase-24
71
174 270 366 462 558 654 750 846 942 1038 1134 1230 1326 1422 1518 1614 1710 1806 1902 1998 2094 2190 2286 2382 2478 2574 2670 2766 2862 2958 3054 3150 3246 3342 3438 3534 3630 3726 3822 3918 4014 4110 4206 4302 4398 4590 4686 4782 4878 4974 5070 5166 5262 5358 5454 5550 5646 5742 5838 5934 6030 6126 6222 6318 6414 6510 6606 6702 6798 6894 6990
TestCase-25
45
77 156 235 314 393 472 551 630 709 788 867 946 1025 1104 1183 1262 1341 1420 1499 1578 1657 1736 1815 1894 1973 2052 2131 2210 2289 2368 2447 2526 2605 2684 2763 2842 2921 3000 3079 3158 3237 3316 3395 3553 3632
TestCase-26
9
254 277 300 323 369 392 415 438 461
TestCase-27
83
365 462 559 656 753 850 947 1044 1141 1238 1335 1432 1529 1626 1723 1820 1917 2014 2111 2208 2305 2402 2499 2596 2693 2790 2887 2984 3081 3178 3372 3469 3566 3663 3760 3857 3954 4051 4148 4245 4342 4439 4536 4633 4730 4827 4924 5021 5118 5215 5312 5409 5506 5603 5700 5797 5894 5991 6088 6185 6282 6379 6476 6573 6670 6767 6864 6961 7058 7155 7252 7349 7446 7543 7640 7737 7834 7931 8028 8125 8222 8319 8416
TestCase-28
72
395 482 569 656 743 830 917 1004 1091 1178 1265 1352 1439 1526 1613 1700 1787 1874 1961 2135 2222 2309 2396 2483 2570 2657 2744 2831 2918 3005 3092 3179 3266 3353 3440 3527 3614 3701 3788 3875 3962 4049 4136 4223 4310 4397 4484 4571 4658 4745 4832 4919 5006 5093 5180 5267 5354 5441 5528 5615 5702 5789 5876 5963 6050 6137 6224 6311 6398 6485 6572 6659
TestCase-29
38
14 50 86 122 158 194 230 266 302 338 374 410 446 482 518 554 590 626 698 734 770 806 842 878 914 950 986 1022 1058 1094 1130 1166 1202 1238 1274 1310 1346 1382
TestCase-30
38
487 583 679 775 871 967 1063 1159 1255 1351 1447 1543 1639 1735 1831 1927 2023 2119 2215 2311 2407 2503 2599 2695 2887 2983 3079 3175 3271 3367 3463 3559 3655 3751 3847 3943 4039 4135
TestCase-31
74
51 138 225 312 399 486 573 660 747 834 921 1008 1095 1182 1356 1443 1530 1617 1704 1791 1878 1965 2052 2139 2226 2313 2400 2487 2574 2661 2748 2835 2922 3009 3096 3183 3270 3357 3444 3531 3618 3705 3792 3879 3966 4053 4140 4227 4314 4401 4488 4575 4662 4749 4836 4923 5010 5097 5184 5271 5358 5445 5532 5619 5706 5793 5880 5967 6054 6141 6228 6315 6402 6489
TestCase-32
83
106 114 122 130 138 146 154 162 170 178 186 194 202 210 218 226 234 242 250 258 266 274 282 290 298 306 314 322 330 338 346 354 362 370 378 386 394 402 410 418 426 434 442 450 458 466 474 482 490 498 506 514 522 530 538 546 554 562 570 578 586 602 610 618 626 634 642 650 658 666 674 682 690 698 706 714 722 730 738 746 754 762 770
TestCase-33
68
322 342 362 382 402 422 442 462 482 502 522 542 562 582 602 622 642 662 682 702 742 762 782 802 822 842 862 882 902 922 942 962 982 1002 1022 1042 1062 1082 1102 1122 1142 1162 1182 1202 1222 1242 1262 1282 1302 1322 1342 1362 1382 1402 1422 1442 1462 1482 1502 1522 1542 1562 1582 1602 1622 1642 1662 1682
TestCase-34
25
375 398 421 444 467 490 513 536 559 582 628 651 674 697 720 743 766 789 812 835 858 881 904 927 950
TestCase-35
26
333 353 373 393 413 433 453 473 513 533 553 573 593 613 633 653 673 693 713 733 753 773 793 813 833 853
TestCase-36
57
369 429 489 549 609 669 729 789 849 909 969 1029 1089 1149 1209 1269 1329 1389 1449 1509 1569 1629 1689 1749 1809 1869 1929 1989 2049 2109 2169 2229 2289 2349 2409 2469 2529 2589 2649 2709 2769 2829 2889 2949 3009 3069 3189 3249 3309 3369 3429 3489 3549 3609 3669 3729 3789
TestCase-37
66
73 173 273 373 473 573 673 773 873 973 1073 1173 1273 1373 1473 1573 1673 1773 1873 1973 2073 2173 2273 2373 2473 2573 2673 2773 2873 2973 3073 3173 3273 3373 3473 3573 3673 3773 3873 3973 4073 4173 4273 4373 4473 4573 4673 4773 4873 4973 5073 5173 5273 5373 5473 5573 5673 5773 5873 6073 6173 6273 6373 6473 6573 6673
TestCase-38
7
362 466 518 570 622 674 726
TestCase-39
70
360 397 434 471 508 545 582 619 656 693 730 767 804 841 878 915 952 989 1026 1063 1100 1137 1174 1211 1248 1285 1322 1359 1396 1433 1470 1507 1544 1581 1618 1655 1692 1729 1766 1803 1840 1877 1914 1951 1988 2025 2062 2099 2136 2173 2210 2284 2321 2358 2395 2432 2469 2506 2543 2580 2617 2654 2691 2728 2765 2802 2839 2876 2913 2950
TestCase-40
71
273 306 339 372 405 438 471 504 537 570 603 636 669 702 768 801 834 867 900 933 966 999 1032 1065 1098 1131 1164 1197 1230 1263 1296 1329 1362 1395 1428 1461 1494 1527 1560 1593 1626 1659 1692 1725 1758 1791 1824 1857 1890 1923 1956 1989 2022 2055 2088 2121 2154 2187 2220 2253 2286 2319 2352 2385 2418 2451 2484 2517 2550 2583 2616
TestCase-41
82
469 567 665 763 861 959 1057 1155 1253 1351 1449 1547 1645 1743 1841 1939 2037 2135 2233 2331 2429 2527 2625 2723 2821 2919 3017 3115 3213 3311 3409 3507 3605 3703 3801 3899 3997 4095 4193 4291 4389 4487 4585 4683 4781 4879 4977 5075 5173 5271 5369 5467 5565 5663 5761 5859 5957 6055 6153 6251 6349 6447 6545 6643 6741 6839 6937 7035 7133 7231 7427 7525 7623 7721 7819 7917 8015 8113 8211 8309 8407 8505
TestCase-42
30
192 291 390 489 588 687 786 885 984 1083 1182 1281 1380 1479 1578 1677 1776 1875 1974 2073 2172 2271 2370 2469 2568 2667 2766 2865 3063 3162
TestCase-43
42
152 203 254 305 356 407 458 509 560 611 662 713 764 815 866 917 968 1019 1121 1172 1223 1274 1325 1376 1427 1478 1529 1580 1631 1682 1733 1784 1835 1886 1937 1988 2039 2090 2141 2192 2243 2294
TestCase-44
59
380 445 510 575 640 705 770 835 900 965 1030 1095 1160 1225 1290 1355 1420 1485 1550 1615 1680 1745 1810 1875 1940 2005 2070 2135 2200 2265 2330 2395 2460 2525 2655 2720 2785 2850 2915 2980 3045 3110 3175 3240 3305 3370 3435 3500 3565 3630 3695 3760 3825 3890 3955 4020 4085 4150 4215
TestCase-45
31
305 355 405 455 505 555 605 655 705 755 805 855 905 955 1005 1055 1105 1155 1205 1255 1305 1355 1405 1505 1555 1605 1655 1705 1755 1805 1855
TestCase-46
93
321 344 367 390 413 436 459 482 505 528 551 574 597 620 643 666 689 712 735 758 781 804 827 850 873 896 919 942 965 988 1011 1034 1057 1080 1103 1126 1149 1172 1195 1218 1241 1264 1287 1310 1333 1356 1379 1402 1425 1448 1471 1494 1517 1540 1563 1586 1609 1632 1655 1678 1701 1724 1747 1770 1793 1816 1839 1862 1885 1908 1931 1954 1977 2000 2023 2046 2069 2092 2115 2138 2161 2184 2230 2253 2276 2299 2322 2345 2368 2391 2414 2437 2460
TestCase-47
47
198 234 270 306 342 378 414 450 486 522 558 594 630 666 702 738 774 810 846 882 918 990 1026 1062 1098 1134 1170 1206 1242 1278 1314 1350 1386 1422 1458 1494 1530 1566 1602 1638 1674 1710 1746 1782 1818 1854 1890
TestCase-48
22
150 228 306 384 462 540 618 696 774 852 930 1008 1086 1164 1320 1398 1476 1554 1632 1710 1788 1866
TestCase-49
4
197 286 464 553
TestCase-50
6
63 68 73 78 88 93
TestCase-51
100
256 290 324 392 426 460 494 528 562 596 630 664 698 732 766 800 834 868 902 936 970 1004 1038 1072 1106 1140 1174 1208 1242 1276 1310 1344 1378 1412 1446 1480 1514 1548 1582 1616 1650 1684 1718 1752 1786 1820 1854 1888 1922 1956 1990 2024 2058 2092 2126 2160 2194 2228 2262 2296 2330 2364 2398 2432 2466 2500 2534 2568 2602 2636 2670 2704 2738 2772 2806 2840 2874 2908 2942 2976 3010 3044 3078 3112 3146 3180 3214 3248 3282 3316 3350 3384 3418 3452 3486 3520 3554 3588 3622 3656
TestCase-52
24
102 187 272 357 442 527 612 697 782 952 1037 1122 1207 1292 1377 1462 1547 1632 1717 1802 1887 1972 2057 2142
TestCase-53
19
491 498 505 512 519 526 533 540 547 554 561 568 575 582 589 596 603 617 624
TestCase-54
12
251 286 321 356 391 426 461 531 566 601 636 671
TestCase-55
41
14 43 72 101 130 188 217 246 275 304 333 362 391 420 449 478 507 536 565 594 623 652 681 710 739 768 797 826 855 884 913 942 971 1000 1029 1058 1087 1116 1145 1174 1203
TestCase-56
19
121 163 205 247 289 331 373 415 457 499 541 583 625 667 751 793 835 877 919
TestCase-57
17
134 135 136 137 138 139 140 141 142 143 144 146 147 148 149 150 151
TestCase-58
47
380 412 444 476 508 540 572 604 636 668 700 732 764 796 828 860 892 924 956 988 1020 1052 1084 1116 1148 1180 1212 1244 1276 1308 1340 1372 1404 1436 1468 1500 1532 1564 1596 1628 1660 1692 1724 1788 1820 1852 1884
TestCase-59
19
106 202 298 394 490 586 682 778 970 1066 1162 1258 1354 1450 1546 1642 1738 1834 1930
TestCase-60
31
131 186 241 296 351 406 461 516 571 626 681 736 791 846 901 956 1011 1066 1121 1176 1231 1286 1341 1451 1506 1561 1616 1671 1726 1781 1836
TestCase-61
13
368 446 524 602 680 758 914 992 1070 1148 1226 1304 1382
TestCase-62
10
296 328 344 360 376 392 408 424 440 456
TestCase-63
75
480 509 538 567 596 625 654 683 712 741 770 799 828 857 886 915 944 973 1002 1031 1060 1089 1118 1147 1176 1205 1234 1263 1292 1321 1350 1379 1408 1437 1466 1495 1524 1553 1582 1611 1640 1669 1698 1727 1756 1785 1814 1843 1872 1901 1930 1959 1988 2017 2046 2075 2104 2133 2162 2191 2220 2249 2278 2336 2365 2394 2423 2452 2481 2510 2539 2568 2597 2626 2655
TestCase-64
14
410 510 610 710 810 1010 1110 1210 1310 1410 1510 1610 1710 1810
TestCase-65
38
183 250 317 384 451 518 585 652 719 786 853 920 987 1054 1121 1188 1255 1322 1389 1456 1523 1657 1724 1791 1858 1925 1992 2059 2126 2193 2260 2327 2394 2461 2528 2595 2662 2729
TestCase-66
18
203 217 231 245 259 273 287 301 315 329 343 357 371 385 399 413 427 455
TestCase-67
39
110 148 186 224 262 300 338 376 414 452 490 528 566 604 642 680 718 756 794 870 908 946 984 1022 1060 1098 1136 1174 1212 1250 1288 1326 1364 1402 1440 1478 1516 1554 1592
TestCase-68
46
217 254 291 328 365 402 439 476 513 550 587 624 661 698 735 772 809 846 883 920 957 994 1031 1068 1105 1142 1179 1253 1290 1327 1364 1401 1438 1475 1512 1549 1586 1623 1660 1697 1734 1771 1808 1845 1882 1919
TestCase-69
42
41 66 91 116 141 166 191 216 241 266 291 316 341 366 391 416 441 466 491 516 541 566 591 616 641 666 691 716 741 766 791 816 841 866 891 916 941 966 991 1016 1041 1091
TestCase-70
37
13 27 41 55 69 83 97 111 125 139 153 167 181 209 223 237 251 265 279 293 307 321 335 349 363 377 391 405 419 433 447 461 475 489 503 517 531
TestCase-71
37
122 167 212 257 302 347 392 437 482 527 572 617 662 707 752 797 842 932 977 1022 1067 1112 1157 1202 1247 1292 1337 1382 1427 1472 1517 1562 1607 1652 1697 1742 1787
TestCase-72
98
24 113 202 291 380 469 558 647 736 825 914 1003 1092 1181 1270 1359 1448 1537 1626 1715 1804 1982 2071 2160 2249 2338 2427 2516 2605 2694 2783 2872 2961 3050 3139 3228 3317 3406 3495 3584 3673 3762 3851 3940 4029 4118 4207 4296 4385 4474 4563 4652 4741 4830 4919 5008 5097 5186 5275 5364 5453 5542 5631 5720 5809 5898 5987 6076 6165 6254 6343 6432 6521 6610 6699 6788 6877 6966 7055 7144 7233 7322 7411 7500 7589 7678 7767 7856 7945 8034 8123 8212 8301 8390 8479 8568 8657 8746
TestCase-73
60
379 406 433 460 487 514 541 568 595 622 649 676 703 730 757 784 811 838 865 892 919 946 973 1000 1027 1054 1081 1108 1135 1162 1189 1216 1243 1270 1297 1324 1351 1378 1405 1432 1459 1486 1513 1540 1567 1594 1621 1675 1702 1729 1756 1783 1810 1837 1864 1891 1918 1945 1972 1999
TestCase-74
81
141 164 187 210 233 256 279 302 325 348 371 394 417 440 463 486 532 555 578 601 624 647 670 693 716 739 762 785 808 831 854 877 900 923 946 969 992 1015 1038 1061 1084 1107 1130 1153 1176 1199 1222 1245 1268 1291 1314 1337 1360 1383 1406 1429 1452 1475 1498 1521 1544 1567 1590 1613 1636 1659 1682 1705 1728 1751 1774 1797 1820 1843 1866 1889 1912 1935 1958 1981 2004
TestCase-75
83
313 348 383 418 453 488 523 558 593 628 663 698 733 768 803 838 873 908 943 978 1013 1048 1083 1118 1153 1188 1223 1258 1293 1328 1363 1398 1433 1468 1503 1538 1573 1608 1643 1678 1713 1748 1783 1818 1853 1888 1923 1958 1993 2028 2063 2098 2133 2168 2203 2238 2273 2308 2343 2378 2413 2448 2483 2553 2588 2623 2658 2693 2728 2763 2798 2833 2868 2903 2938 2973 3008 3043 3078 3113 3148 3183 3218
TestCase-76
17
404 498 592 686 780 874 968 1156 1250 1344 1438 1532 1626 1720 1814 1908 2002
TestCase-77
18
467 509 551 593 635 677 719 761 803 887 929 971 1013 1055 1097 1139 1181 1223
TestCase-78
46
484 560 636 712 788 864 940 1016 1092 1168 1244 1320 1396 1472 1548 1624 1700 1776 1852 1928 2004 2080 2156 2232 2308 2460 2536 2612 2688 2764 2840 2916 2992 3068 3144 3220 3296 3372 3448 3524 3600 3676 3752 3828 3904 3980
TestCase-79
96
323 380 437 551 608 665 722 779 836 893 950 1007 1064 1121 1178 1235 1292 1349 1406 1463 1520 1577 1634 1691 1748 1805 1862 1919 1976 2033 2090 2147 2204 2261 2318 2375 2432 2489 2546 2603 2660 2717 2774 2831 2888 2945 3002 3059 3116 3173 3230 3287 3344 3401 3458 3515 3572 3629 3686 3743 3800 3857 3914 3971 4028 4085 4142 4199 4256 4313 4370 4427 4484 4541 4598 4655 4712 4769 4826 4883 4940 4997 5054 5111 5168 5225 5282 5339 5396 5453 5510 5567 5624 5681 5738 5795
TestCase-80
100
295 375 455 535 615 695 775 855 935 1015 1095 1175 1255 1335 1415 1495 1575 1655 1735 1815 1895 1975 2055 2135 2215 2295 2375 2455 2535 2615 2695 2775 2855 2935 3015 3095 3175 3255 3335 3415 3495 3575 3655 3735 3815 3895 3975 4135 4215 4295 4375 4455 4535 4615 4695 4775 4855 4935 5015 5095 5175 5255 5335 5415 5495 5575 5655 5735 5815 5895 5975 6055 6135 6215 6295 6375 6455 6535 6615 6695 6775 6855 6935 7015 7095 7175 7255 7335 7415 7495 7575 7655 7735 7815 7895 7975 8055 8135 8215 8295
TestCase-81
63
371 457 543 629 715 801 887 973 1059 1145 1231 1317 1403 1489 1575 1661 1747 1833 1919 2005 2091 2177 2263 2349 2435 2521 2607 2693 2779 2865 2951 3037 3123 3209 3295 3381 3467 3553 3639 3725 3811 3897 3983 4069 4155 4241 4327 4413 4499 4585 4671 4757 4843 4929 5015 5101 5187 5273 5359 5531 5617 5703 5789
TestCase-82
24
156 208 260 312 364 416 468 520 572 624 676 728 780 832 884 936 988 1040 1144 1196 1248 1300 1352 1404
TestCase-83
46
328 350 372 394 416 438 460 482 504 526 548 570 592 614 636 658 680 702 724 746 768 790 812 834 856 878 900 922 944 966 988 1010 1032 1054 1076 1098 1120 1142 1164 1186 1230 1252 1274 1296 1318 1340
TestCase-84
41
435 479 523 611 655 699 743 787 831 875 919 963 1007 1051 1095 1139 1183 1227 1271 1315 1359 1403 1447 1491 1535 1579 1623 1667 1711 1755 1799 1843 1887 1931 1975 2019 2063 2107 2151 2195 2239
TestCase-85
88
413 491 569 647 725 803 881 959 1037 1115 1193 1271 1349 1427 1505 1583 1739 1817 1895 1973 2051 2129 2207 2285 2363 2441 2519 2597 2675 2753 2831 2909 2987 3065 3143 3221 3299 3377 3455 3533 3611 3689 3767 3845 3923 4001 4079 4157 4235 4313 4391 4469 4547 4625 4703 4781 4859 4937 5015 5093 5171 5249 5327 5405 5483 5561 5639 5717 5795 5873 5951 6029 6107 6185 6263 6341 6419 6497 6575 6653 6731 6809 6887 6965 7043 7121 7199 7277
TestCase-86
79
161 242 323 404 485 566 647 728 809 890 1052 1133 1214 1295 1376 1457 1538 1619 1700 1781 1862 1943 2024 2105 2186 2267 2348 2429 2510 2591 2672 2753 2834 2915 2996 3077 3158 3239 3320 3401 3482 3563 3644 3725 3806 3887 3968 4049 4130 4211 4292 4373 4454 4535 4616 4697 4778 4859 4940 5021 5102 5183 5264 5345 5426 5507 5588 5669 5750 5831 5912 5993 6074 6155 6236 6317 6398 6479 6560
TestCase-87
91
288 339 390 441 492 543 594 645 696 747 798 849 900 951 1002 1053 1155 1206 1257 1308 1359 1410 1461 1512 1563 1614 1665 1716 1767 1818 1869 1920 1971 2022 2073 2124 2175 2226 2277 2328 2379 2430 2481 2532 2583 2634 2685 2736 2787 2838 2889 2940 2991 3042 3093 3144 3195 3246 3297 3348 3399 3450 3501 3552 3603 3654 3705 3756 3807 3858 3909 3960 4011 4062 4113 4164 4215 4266 4317 4368 4419 4470 4521 4572 4623 4674 4725 4776 4827 4878 4929
TestCase-88
83
450 495 540 585 630 675 720 765 810 855 900 945 990 1035 1080 1125 1170 1215 1260 1305 1350 1395 1440 1485 1530 1575 1665 1710 1755 1800 1845 1890 1935 1980 2025 2070 2115 2160 2205 2250 2295 2340 2385 2430 2475 2520 2565 2610 2655 2700 2745 2790 2835 2880 2925 2970 3015 3060 3105 3150 3195 3240 3285 3330 3375 3420 3465 3510 3555 3600 3645 3690 3735 3780 3825 3870 3915 3960 4005 4050 4095 4140 4185
TestCase-89
78
270 352 434 516 598 680 762 844 926 1008 1090 1172 1254 1336 1418 1500 1582 1664 1746 1828 1910 1992 2074 2156 2238 2320 2402 2484 2566 2648 2730 2812 2894 3058 3140 3222 3304 3386 3468 3550 3632 3714 3796 3878 3960 4042 4124 4206 4288 4370 4452 4534 4616 4698 4780 4862 4944 5026 5108 5190 5272 5354 5436 5518 5600 5682 5764 5846 5928 6010 6092 6174 6256 6338 6420 6502 6584 6666
TestCase-90
54
118 135 152 169 186 203 220 237 254 271 288 305 322 339 356 373 390 424 441 458 475 492 509 526 543 560 577 594 611 628 645 662 679 696 713 730 747 764 781 798 815 832 849 866 883 900 917 934 951 968 985 1002 1019 1036
TestCase-91
71
176 261 346 431 516 601 686 771 856 941 1026 1111 1196 1281 1366 1451 1536 1621 1706 1791 1876 1961 2046 2131 2216 2301 2386 2471 2556 2641 2726 2811 2896 2981 3066 3151 3236 3321 3406 3491 3576 3661 3746 3831 3916 4001 4086 4171 4256 4341 4426 4511 4596 4681 4766 4851 4936 5021 5106 5191 5276 5361 5446 5531 5616 5701 5786 5956 6041 6126 6211
TestCase-92
93
338 357 376 395 414 433 452 471 490 509 528 547 566 585 604 623 642 661 680 699 718 737 756 775 794 813 832 851 870 889 908 927 946 965 984 1003 1022 1041 1060 1079 1098 1117 1136 1155 1174 1193 1212 1231 1250 1269 1288 1307 1326 1345 1364 1383 1402 1421 1440 1459 1478 1497 1516 1535 1554 1573 1592 1611 1630 1649 1668 1687 1706 1725 1744 1763 1782 1801 1820 1839 1858 1877 1915 1934 1953 1972 1991 2010 2029 2048 2067 2086 2105
TestCase-93
43
341 392 443 494 545 596 647 698 749 800 851 902 953 1004 1055 1106 1157 1208 1259 1310 1361 1412 1463 1514 1565 1616 1667 1718 1769 1871 1922 1973 2024 2075 2126 2177 2228 2279 2330 2381 2432 2483 2534
TestCase-94
33
184 274 364 454 544 634 724 814 904 994 1084 1174 1264 1354 1444 1534 1624 1714 1894 1984 2074 2164 2254 2344 2434 2524 2614 2704 2794 2884 2974 3064 3154
TestCase-95
21
326 425 524 623 722 821 920 1019 1118 1217 1316 1415 1514 1613 1811 1910 2009 2108 2207 2306 2405
TestCase-96
97
447 467 487 507 527 547 567 587 607 627 647 667 687 707 727 747 767 787 807 827 847 867 887 907 927 947 967 987 1007 1027 1047 1067 1087 1107 1127 1147 1167 1187 1207 1227 1247 1267 1287 1307 1327 1347 1387 1407 1427 1447 1467 1487 1507 1527 1547 1567 1587 1607 1627 1647 1667 1687 1707 1727 1747 1767 1787 1807 1827 1847 1867 1887 1907 1927 1947 1967 1987 2007 2027 2047 2067 2087 2107 2127 2147 2167 2187 2207 2227 2247 2267 2287 2307 2327 2347 2367 2387
TestCase-97
72
276 341 406 471 536 601 666 731 796 861 926 991 1056 1121 1186 1251 1316 1381 1446 1511 1576 1641 1706 1771 1836 1901 1966 2031 2096 2161 2226 2291 2356 2421 2486 2616 2681 2746 2811 2876 2941 3006 3071 3136 3201 3266 3331 3396 3461 3526 3591 3656 3721 3786 3851 3916 3981 4046 4111 4176 4241 4306 4371 4436 4501 4566 4631 4696 4761 4826 4891 4956
TestCase-98
87
17 78 139 200 261 322 383 444 505 566 627 688 749 810 871 932 993 1054 1115 1176 1237 1298 1359 1420 1481 1542 1603 1664 1725 1786 1847 1908 1969 2030 2091 2152 2213 2274 2335 2396 2457 2518 2579 2640 2701 2762 2823 2884 2945 3006 3067 3128 3189 3250 3311 3372 3433 3494 3555 3616 3677 3738 3799 3860 3921 3982 4104 4165 4226 4287 4348 4409 4470 4531 4592 4653 4714 4775 4836 4897 4958 5019 5080 5141 5202 5263 5324
TestCase-99
15
324 346 357 368 379 390 401 412 423 434 445 456 467 478 489
TestCase-100
51
34 127 220 313 406 499 592 685 778 871 964 1057 1150 1243 1336 1429 1522 1615 1708 1801 1894 1987 2080 2173 2266 2359 2452 2545 2638 2731 2824 2917 3010 3103 3196 3289 3382 3475 3568 3661 3754 3847 3940 4033 4126 4219 4312 4405 4591 4684 4777
TestCase-101
2
1 3
TestCase-102
1000
1 3 5 7 9 11 13 15 17 19 21 23 25 27 29 31 33 35 37 39 41 43 45 47 49 51 53 55 57 59 61 63 65 67 69 71 73 75 77 79 81 83 85 87 89 91 93 95 97 99 101 103 105 107 109 111 113 115 117 119 121 123 125 127 129 131 133 135 137 139 141 143 145 147 149 151 153 155 157 159 161 163 165 167 169 171 173 175 177 179 181 183 185 187 189 191 193 195 197 199 201 203 205 207 209 211 213 215 217 219 221 223 225 227 229 231 233 235 237 239 241 243 245 247 249 251 253 255 257 259 261 263 265 267 269 271 273 275 277 279 281 283 285 287 289 291 293 295 297 299 301 303 305 307 309 311 313 315 317 319 321 323 325 327 329 331 333 335 337 339 341 343 345 347 349 351 353 355 357 359 361 363 365 367 369 371 373 375 377 379 381 383 385 387 389 391 393 395 397 399 401 403 405 407 409 411 413 415 417 419 421 423 425 427 429 431 433 435 437 439 441 443 445 447 449 451 453 455 457 459 461 463 465 467 469 471 473 475 477 479 481 483 485 487 489 491 493 495 497 499 501 503 505 507 509 511 513 515 517 519 521 523 525 527 529 531 533 535 537 539 541 543 545 547 549 551 553 555 557 559 561 563 565 567 569 571 573 575 577 579 581 583 585 587 589 591 593 595 597 599 601 603 605 607 609 611 613 615 617 619 621 623 625 627 629 631 633 635 637 639 641 643 645 647 649 651 653 655 657 659 661 663 665 667 669 671 673 675 677 679 681 683 685 687 689 691 693 695 697 699 701 703 705 707 709 711 713 715 717 719 721 723 725 727 729 731 733 735 737 739 741 743 745 747 749 751 753 755 757 759 761 763 765 767 769 771 773 775 777 779 781 783 785 787 789 791 793 795 797 799 801 803 805 807 809 811 813 815 817 819 821 823 825 827 829 831 833 835 837 839 841 843 845 847 849 851 853 855 857 859 861 863 865 867 869 871 873 875 877 879 881 883 885 887 889 891 893 895 897 899 901 903 905 907 909 911 913 915 917 919 921 923 925 927 929 931 933 935 937 939 941 943 945 947 949 951 953 955 957 959 961 963 965 967 969 971 973 975 977 979 981 983 985 987 989 991 993 995 997 999 1001 1003 1005 1007 1009 1011 1013 1015 1017 1019 1021 1023 1025 1027 1029 1031 1033 1035 1037 1039 1041 1043 1045 1047 1049 1051 1053 1055 1057 1059 1061 1063 1065 1067 1069 1071 1073 1075 1077 1079 1081 1083 1085 1087 1089 1091 1093 1095 1097 1099 1101 1103 1105 1107 1109 1111 1113 1115 1117 1119 1121 1123 1125 1127 1129 1131 1133 1135 1137 1139 1141 1143 1145 1147 1149 1151 1153 1155 1157 1159 1161 1163 1165 1167 1169 1171 1173 1175 1177 1179 1181 1183 1185 1187 1189 1191 1193 1195 1197 1199 1201 1203 1205 1207 1209 1211 1213 1215 1217 1219 1221 1223 1225 1227 1229 1231 1233 1235 1237 1239 1241 1243 1245 1247 1249 1251 1253 1255 1257 1259 1261 1263 1265 1267 1269 1271 1273 1275 1277 1279 1281 1283 1285 1287 1289 1291 1293 1295 1297 1299 1301 1303 1305 1307 1309 1311 1313 1315 1317 1319 1321 1323 1325 1327 1329 1331 1333 1335 1337 1339 1341 1343 1345 1347 1349 1351 1353 1355 1357 1359 1361 1363 1365 1367 1369 1371 1373 1375 1377 1379 1381 1383 1385 1387 1389 1391 1393 1395 1397 1399 1401 1403 1405 1407 1409 1411 1413 1415 1417 1419 1421 1423 1425 1427 1429 1431 1433 1435 1437 1439 1441 1443 1445 1447 1449 1451 1453 1455 1457 1459 1461 1463 1465 1467 1469 1471 1473 1475 1477 1479 1481 1483 1485 1487 1489 1491 1493 1495 1497 1499 1501 1503 1505 1507 1509 1511 1513 1515 1517 1519 1521 1523 1525 1527 1529 1531 1533 1535 1537 1539 1541 1543 1545 1547 1549 1551 1553 1555 1557 1559 1561 1563 1565 1567 1569 1571 1573 1575 1577 1579 1581 1583 1585 1587 1589 1591 1593 1595 1597 1599 1601 1603 1605 1607 1609 1611 1613 1615 1617 1619 1621 1623 1625 1627 1629 1631 1633 1635 1637 1639 1641 1643 1645 1647 1649 1651 1653 1655 1657 1659 1661 1663 1665 1667 1669 1671 1673 1675 1677 1679 1681 1683 1685 1687 1689 1691 1693 1695 1697 1699 1701 1703 1705 1707 1709 1711 1713 1715 1717 1719 1721 1723 1725 1727 1729 1731 1733 1735 1737 1739 1741 1743 1745 1747 1749 1751 1753 1755 1757 1759 1761 1763 1765 1767 1769 1771 1773 1775 1777 1779 1781 1783 1785 1787 1789 1791 1793 1795 1797 1799 1801 1803 1805 1807 1809 1811 1813 1815 1817 1819 1821 1823 1825 1827 1829 1831 1833 1835 1837 1839 1841 1843 1845 1847 1849 1851 1853 1855 1857 1859 1861 1863 1865 1867 1869 1871 1873 1875 1877 1879 1881 1883 1885 1887 1889 1891 1893 1895 1897 1899 1901 1903 1905 1907 1909 1911 1913 1915 1917 1919 1921 1923 1925 1927 1929 1931 1933 1935 1937 1939 1941 1943 1945 1947 1949 1951 1953 1955 1957 1959 1961 1963 1965 1967 1969 1971 1973 1975 1977 1979 1981 1983 1985 1987 1989 1991 1993 1995 1997 1999
TestCase-103
900
100000 100999 101998 102997 103996 104995 105994 106993 107992 108991 109990 110989 111988 112987 113986 114985 115984 116983 117982 118981 119980 120979 121978 122977 123976 124975 125974 126973 127972 128971 129970 130969 131968 132967 133966 134965 135964 136963 137962 138961 139960 140959 141958 142957 143956 144955 145954 146953 147952 148951 149950 150949 151948 152947 153946 154945 155944 156943 157942 158941 159940 160939 161938 162937 163936 164935 165934 166933 167932 168931 169930 170929 171928 172927 173926 174925 175924 176923 177922 178921 179920 180919 181918 182917 183916 184915 185914 186913 187912 188911 189910 190909 191908 192907 193906 194905 195904 196903 197902 198901 199900 200899 201898 202897 203896 204895 205894 206893 207892 208891 209890 210889 211888 212887 213886 214885 215884 216883 217882 218881 219880 220879 221878 222877 223876 224875 225874 226873 227872 228871 229870 230869 231868 232867 233866 234865 235864 236863 237862 238861 239860 240859 241858 242857 243856 244855 245854 246853 247852 248851 249850 250849 251848 252847 253846 254845 255844 256843 257842 258841 259840 260839 261838 262837 263836 264835 265834 266833 267832 268831 269830 270829 271828 272827 273826 274825 275824 276823 277822 278821 279820 280819 281818 282817 283816 284815 285814 286813 287812 288811 289810 290809 291808 292807 293806 294805 295804 296803 297802 298801 299800 300799 301798 302797 303796 304795 305794 306793 307792 308791 309790 310789 311788 312787 313786 314785 315784 316783 317782 318781 319780 320779 321778 322777 323776 324775 325774 326773 327772 328771 329770 330769 331768 332767 333766 334765 335764 336763 337762 338761 339760 340759 341758 342757 343756 344755 345754 346753 347752 348751 349750 350749 351748 352747 353746 354745 355744 356743 357742 358741 359740 360739 361738 362737 363736 364735 365734 366733 367732 368731 369730 370729 371728 372727 373726 374725 375724 376723 377722 378721 379720 380719 381718 382717 383716 384715 385714 386713 387712 388711 389710 390709 391708 392707 393706 394705 395704 396703 397702 398701 399700 400699 401698 402697 403696 404695 405694 406693 407692 408691 409690 410689 411688 412687 413686 414685 415684 416683 417682 418681 419680 420679 421678 422677 423676 424675 425674 426673 427672 428671 429670 430669 431668 432667 433666 434665 435664 436663 437662 438661 439660 440659 441658 442657 443656 444655 445654 446653 447652 448651 449650 450649 451648 452647 453646 454645 455644 456643 457642 458641 459640 460639 461638 462637 463636 464635 465634 466633 467632 468631 469630 470629 471628 472627 473626 474625 475624 476623 477622 478621 479620 480619 481618 482617 483616 484615 485614 486613 487612 488611 489610 490609 491608 492607 493606 494605 495604 496603 497602 498601 499600 500599 501598 502597 503596 504595 505594 506593 507592 508591 509590 510589 511588 512587 513586 514585 515584 516583 517582 518581 519580 520579 521578 522577 523576 524575 525574 526573 527572 528571 529570 530569 531568 532567 533566 534565 535564 536563 537562 538561 539560 540559 541558 542557 543556 544555 545554 546553 547552 548551 549550 550549 551548 552547 553546 554545 555544 556543 557542 558541 559540 560539 561538 562537 563536 564535 565534 566533 567532 568531 569530 570529 571528 572527 573526 574525 575524 576523 577522 578521 579520 580519 581518 582517 583516 584515 585514 586513 587512 588511 589510 590509 591508 592507 593506 594505 595504 596503 597502 598501 599500 600499 601498 602497 603496 604495 605494 606493 607492 608491 609490 610489 611488 612487 613486 614485 615484 616483 617482 618481 619480 620479 621478 622477 623476 624475 625474 626473 627472 628471 629470 630469 631468 632467 633466 634465 635464 636463 637462 638461 639460 640459 641458 642457 643456 644455 645454 646453 647452 648451 649450 650449 651448 652447 653446 654445 655444 656443 657442 658441 659440 660439 661438 662437 663436 664435 665434 666433 667432 668431 669430 670429 671428 672427 673426 674425 675424 676423 677422 678421 679420 680419 681418 682417 683416 684415 685414 686413 687412 688411 689410 690409 691408 692407 693406 694405 695404 696403 697402 698401 699400 700399 701398 702397 703396 704395 705394 706393 707392 708391 709390 710389 711388 712387 713386 714385 715384 716383 717382 718381 719380 720379 721378 722377 723376 724375 725374 726373 727372 728371 729370 730369 731368 732367 733366 734365 735364 736363 737362 738361 739360 740359 741358 742357 743356 744355 745354 746353 747352 748351 749350 750349 751348 752347 753346 754345 755344 756343 757342 758341 759340 760339 761338 762337 763336 764335 765334 766333 767332 768331 769330 770329 771328 772327 773326 774325 775324 776323 777322 778321 779320 780319 781318 782317 783316 784315 785314 786313 787312 788311 789310 790309 791308 792307 793306 794305 795304 796303 797302 798301 799300 800299 801298 802297 803296 804295 805294 806293 807292 808291 809290 810289 811288 812287 813286 814285 815284 816283 817282 818281 819280 820279 821278 822277 823276 824275 825274 826273 827272 828271 829270 830269 831268 832267 833266 834265 835264 836263 837262 838261 839260 840259 841258 842257 843256 844255 845254 846253 847252 848251 849250 850249 851248 852247 853246 854245 855244 856243 857242 858241 859240 860239 861238 862237 863236 864235 865234 866233 867232 868231 869230 870229 871228 872227 873226 874225 875224 876223 877222 878221 879220 880219 881218 882217 883216 884215 885214 886213 887212 888211 889210 890209 891208 892207 893206 894205 895204 896203 897202 898201 899200 900199 901198 902197 903196 904195 905194 906193 907192 908191 909190 910189 911188 912187 913186 914185 915184 916183 917182 918181 919180 920179 921178 922177 923176 924175 925174 926173 927172 928171 929170 930169 931168 932167 933166 934165 935164 936163 937162 938161 939160 940159 941158 942157 943156 944155 945154 946153 947152 948151 949150 950149 951148 952147 953146 954145 955144 956143 957142 958141 959140 960139 961138 962137 963136 964135 965134 966133 967132 968131 969130 970129 971128 972127 973126 974125 975124 976123 977122 978121 979120 980119 981118 982117 983116 984115 985114 986113 987112 988111 989110 990109 991108 992107 993106 994105 995104 996103 997102 998101
TestCase-104
500
0 2 4 6 8 10 12 14 16 18 20 22 24 26 28 30 32 34 36 38 40 42 44 46 48 50 52 54 56 58 60 62 64 66 68 70 72 74 76 78 80 82 84 86 88 90 92 94 96 98 100 102 104 106 108 110 112 114 116 118 120 122 124 126 128 130 132 134 136 138 140 142 144 146 148 150 152 154 156 158 160 162 164 166 168 170 172 174 176 178 180 182 184 186 188 190 192 194 196 198 200 202 204 206 208 210 212 214 216 218 220 222 224 226 228 230 232 234 236 238 240 242 244 246 248 250 252 254 256 258 260 262 264 266 268 270 272 274 276 278 280 282 284 286 288 290 292 294 296 298 300 302 304 306 308 310 312 314 316 318 320 322 324 326 328 330 332 334 336 338 340 342 344 346 348 350 352 354 356 358 360 362 364 366 368 370 372 374 376 378 380 382 384 386 388 390 392 394 396 398 400 402 404 406 408 410 412 414 416 418 420 422 424 426 428 430 432 434 436 438 440 442 444 446 448 450 452 454 456 458 460 462 464 466 468 470 472 474 476 478 480 482 484 486 488 490 492 494 496 498 500 502 504 506 508 510 512 514 516 518 520 522 524 526 528 530 532 534 536 538 540 542 544 546 548 550 552 554 556 558 560 562 564 566 568 570 572 574 576 578 580 582 584 586 588 590 592 594 596 598 600 602 604 606 608 610 612 614 616 618 620 622 624 626 628 630 632 634 636 638 640 642 644 646 648 650 652 654 656 658 660 662 664 666 668 670 672 674 676 678 680 682 684 686 688 690 692 694 696 698 700 702 704 706 708 710 712 714 716 718 720 722 724 726 728 730 732 734 736 738 740 742 744 746 748 750 752 754 756 758 760 762 764 766 768 770 772 774 776 778 780 782 784 786 788 790 792 794 796 798 800 802 804 806 808 810 812 814 816 818 820 822 824 826 828 830 832 834 836 838 840 842 844 846 848 850 852 854 856 858 860 862 864 866 868 870 872 874 876 878 880 882 884 886 888 890 892 894 896 898 900 902 904 906 908 910 912 914 916 918 920 922 924 926 928 930 932 934 936 938 940 942 944 946 948 950 952 954 956 958 960 962 964 966 968 970 972 974 976 978 980 982 984 986 988 990 992 994 996 998
TestCase-105
500
1 3 5 7 9 11 13 15 17 19 21 23 25 27 29 31 33 35 37 39 41 43 45 47 49 51 53 55 57 59 61 63 65 67 69 71 73 75 77 79 81 83 85 87 89 91 93 95 97 99 101 103 105 107 109 111 113 115 117 119 121 123 125 127 129 131 133 135 137 139 141 143 145 147 149 151 153 155 157 159 161 163 165 167 169 171 173 175 177 179 181 183 185 187 189 191 193 195 197 199 201 203 205 207 209 211 213 215 217 219 221 223 225 227 229 231 233 235 237 239 241 243 245 247 249 251 253 255 257 259 261 263 265 267 269 271 273 275 277 279 281 283 285 287 289 291 293 295 297 299 301 303 305 307 309 311 313 315 317 319 321 323 325 327 329 331 333 335 337 339 341 343 345 347 349 351 353 355 357 359 361 363 365 367 369 371 373 375 377 379 381 383 385 387 389 391 393 395 397 399 401 403 405 407 409 411 413 415 417 419 421 423 425 427 429 431 433 435 437 439 441 443 445 447 449 451 453 455 457 459 461 463 465 467 469 471 473 475 477 479 481 483 485 487 489 491 493 495 497 499 501 503 505 507 509 511 513 515 517 519 521 523 525 527 529 531 533 535 537 539 541 543 545 547 549 551 553 555 557 559 561 563 565 567 569 571 573 575 577 579 581 583 585 587 589 591 593 595 597 599 601 603 605 607 609 611 613 615 617 619 621 623 625 627 629 631 633 635 637 639 641 643 645 647 649 651 653 655 657 659 661 663 665 667 669 671 673 675 677 679 681 683 685 687 689 691 693 695 697 699 701 703 705 707 709 711 713 715 717 719 721 723 725 727 729 731 733 735 737 739 741 743 745 747 749 751 753 755 757 759 761 763 765 767 769 771 773 775 777 779 781 783 785 787 789 791 793 795 797 799 801 803 805 807 809 811 813 815 817 819 821 823 825 827 829 831 833 835 837 839 841 843 845 847 849 851 853 855 857 859 861 863 865 867 869 871 873 875 877 879 881 883 885 887 889 891 893 895 897 899 901 903 905 907 909 911 913 915 917 919 921 923 925 927 929 931 933 935 937 939 941 943 945 947 949 951 953 955 957 959 961 963 965 967 969 971 973 975 977 979 981 983 985 987 989 991 993 995 997 999
TestCase-106
9
5 10 20 25 30 35 40 45 50
TestCase-107
9
100 90 80 60 50 40 30 20 10
TestCase-108
7
1 2 3 5 6 7 8
TestCase-109
9
50 55 60 65 75 80 85 90 95
TestCase-110
4
3 9 15 21
TestCase-111
4
25 20 15 5
TestCase-112
4
100 80 60 20
TestCase-113
4
4 8 16 20
