108
TestCase-1
16
1 2 3 4 5 6 7 8 9 10 11 12 13 14 15 16
16
2 2 3 3 4 2 2 1 2 4 3 4 3 2 4 1
16
1 26 28 32 41 50 55 59 63 69 70 76 77 82 87 92
TestCase-2
10
1 2 3 4 5 6 7 8 9 10
10
3 3 3 4 4 1 2 2 1 1
10
2 4 6 16 26 58 72 79 87 90
TestCase-3
17
1 2 3 4 5 6 7 8 9 10 11 12 13 14 15 16 17
17
1 2 4 1 4 2 3 3 1 3 4 2 4 2 4 1 3
17
7 12 18 19 20 23 35 56 62 68 74 84 85 85 86 95 100
TestCase-4
5
1 2 3 4 5
5
4 2 4 3 1
5
21 42 44 46 86
TestCase-5
9
1 2 3 4 5 6 7 8 9
9
3 1 1 1 2 4 4 1 3
9
5 10 12 29 32 58 72 76 96
TestCase-6
2
1 2
2
3 4
2
20 38
TestCase-7
3
1 2 3
3
3 2 1
3
8 12 78
TestCase-8
9
1 2 3 4 5 6 7 8 9
9
2 1 1 4 1 2 4 3 2
9
11 13 17 20 47 58 62 69 86
TestCase-9
10
1 2 3 4 5 6 7 8 9 10
10
1 1 4 3 3 3 3 4 2 3
10
7 9 20 22 27 28 43 60 70 100
TestCase-10
19
1 2 3 4 5 6 7 8 9 10 11 12 13 14 15 16 17 18 19
19
4 3 1 1 1 3 2 3 4 3 2 1 2 1 4 3 1 3 3
19
3 12 15 19 30 31 34 46 48 48 53 53 60 62 63 66 90 98 99
TestCase-11
7
1 2 3 4 5 6 7
7
4 3 4 4 4 4 3
7
2 29 30 36 40 60 72
TestCase-12
3
1 2 3
3
3 3 4
3
5 19 100
TestCase-13
8
1 2 3 4 5 6 7 8
8
1 3 4 2 2 1 2 3
8
9 14 74 75 79 93 93 94
TestCase-14
11
1 2 3 4 5 6 7 8 9 10 11
11
2 4 3 3 2 1 3 3 1 4 4
11
6 13 13 23 40 75 78 82 88 97 100
TestCase-15
13
1 2 3 4 5 6 7 8 9 10 11 12 13
13
3 3 3 3 3 1 2 2 3 1 2 3 2
13
5 22 23 29 42 53 58 69 76 79 82 84 99
TestCase-16
18
1 2 3 4 5 6 7 8 9 10 11 12 13 14 15 16 17 18
18
2 1 4 1 3 2 3 4 2 4 4 4 4 2 4 4 1 3
18
1 7 9 19 22 31 31 45 61 65 66 73 79 84 92 94 96 97
TestCase-17
18
1 2 3 4 5 6 7 8 9 10 11 12 13 14 15 16 17 18
18
4 2 3 2 2 2 3 3 1 1 1 1 3 4 2 1 4 4
18
9 11 12 13 18 20 22 47 53 53 59 59 68 69 74 88 96 99
TestCase-18
9
1 2 3 4 5 6 7 8 9
9
4 3 1 1 1 3 1 2 3
9
13 26 36 37 52 62 68 78 91
TestCase-19
20
1 2 3 4 5 6 7 8 9 10 11 12 13 14 15 16 17 18 19 20
20
1 2 1 4 3 4 3 3 4 4 4 4 4 4 2 1 3 4 2 2
20
1 14 14 18 19 23 28 29 34 42 51 55 55 56 65 65 73 76 82 85
TestCase-20
11
1 2 3 4 5 6 7 8 9 10 11
11
4 1 3 2 3 1 1 1 3 1 2
11
6 14 18 22 23 30 46 52 77 81 87
TestCase-21
2
1 2
2
3 3
2
48 53
TestCase-22
3
1 2 3
3
2 3 4
3
1 59 60
TestCase-23
17
1 2 3 4 5 6 7 8 9 10 11 12 13 14 15 16 17
17
1 3 3 1 3 1 3 4 1 4 2 2 3 1 2 1 2
17
5 5 11 36 37 49 50 51 53 57 59 65 68 73 79 81 86
TestCase-24
3
1 2 3
3
1 3 1
3
77 92 95
TestCase-25
13
1 2 3 4 5 6 7 8 9 10 11 12 13
13
2 4 2 3 2 4 4 1 4 4 4 1 1
13
12 16 24 28 38 43 46 49 58 68 88 90 100
TestCase-26
1
1
1
4
1
59
TestCase-27
20
1 2 3 4 5 6 7 8 9 10 11 12 13 14 15 16 17 18 19 20
20
4 1 4 3 2 4 3 3 1 1 3 1 1 4 1 4 4 3 4 3
20
7 10 16 16 25 33 34 43 48 54 63 65 76 78 80 80 81 84 85 96
TestCase-28
9
1 2 3 4 5 6 7 8 9
9
3 4 4 1 1 4 3 3 2
9
11 30 31 57 62 67 74 85 95
TestCase-29
12
1 2 3 4 5 6 7 8 9 10 11 12
12
1 1 4 3 4 4 1 3 1 1 3 4
12
5 24 24 30 42 44 50 55 65 68 85 98
TestCase-30
7
1 2 3 4 5 6 7
7
1 3 3 1 1 2 3
7
10 11 12 36 63 69 86
TestCase-31
4
1 2 3 4
4
3 1 4 2
4
13 51 68 93
TestCase-32
4
1 2 3 4
4
3 3 1 4
4
10 18 38 57
TestCase-33
14
1 2 3 4 5 6 7 8 9 10 11 12 13 14
14
1 3 3 3 2 1 3 3 3 1 3 4 2 2
14
6 7 9 35 38 45 53 63 79 80 83 84 90 95
TestCase-34
1
1
1
1
1
54
TestCase-35
2
1 2
2
2 4
2
70 86
TestCase-36
20
1 2 3 4 5 6 7 8 9 10 11 12 13 14 15 16 17 18 19 20
20
3 1 2 2 3 4 1 1 1 1 1 1 4 4 4 2 3 4 3 3
20
2 8 10 12 17 30 31 34 39 50 52 61 73 75 77 84 88 96 98 100
TestCase-37
19
1 2 3 4 5 6 7 8 9 10 11 12 13 14 15 16 17 18 19
19
1 1 3 1 4 1 2 4 3 1 1 2 3 3 4 1 1 1 4
19
1 1 8 12 14 36 40 52 54 55 66 75 76 78 87 88 90 90 91
TestCase-38
12
1 2 3 4 5 6 7 8 9 10 11 12
12
2 1 1 2 1 3 2 1 2 2 1 3
12
1 9 22 25 44 57 61 66 86 93 95 97
TestCase-39
4
1 2 3 4
4
2 3 1 4
4
45 49 57 63
TestCase-40
5
1 2 3 4 5
5
1 1 2 1 4
5
33 73 74 80 88
TestCase-41
18
1 2 3 4 5 6 7 8 9 10 11 12 13 14 15 16 17 18
18
2 3 1 1 3 3 4 2 4 4 1 1 4 1 4 2 4 4
18
1 10 21 22 35 36 37 37 40 52 59 61 73 76 79 89 89 95
TestCase-42
11
1 2 3 4 5 6 7 8 9 10 11
11
3 2 2 4 1 3 3 4 2 4 2
11
7 29 33 41 55 62 79 92 98 99 99
TestCase-43
2
1 2
2
1 1
2
21 63
TestCase-44
10
1 2 3 4 5 6 7 8 9 10
10
1 1 1 2 2 4 4 3 4 4
10
6 10 11 12 13 25 42 43 52 56
TestCase-45
19
1 2 3 4 5 6 7 8 9 10 11 12 13 14 15 16 17 18 19
19
1 3 4 2 2 2 3 1 4 1 2 1 3 1 1 1 1 2 2
19
1 2 4 7 9 15 27 31 40 41 41 67 68 73 82 85 95 98 98
TestCase-46
10
1 2 3 4 5 6 7 8 9 10
10
1 3 1 4 3 1 4 1 2 3
10
4 4 5 37 37 56 63 69 77 81
TestCase-47
7
1 2 3 4 5 6 7
7
4 3 2 2 4 1 2
7
5 21 45 53 60 65 78
TestCase-48
16
1 2 3 4 5 6 7 8 9 10 11 12 13 14 15 16
16
4 2 3 2 2 4 1 3 3 3 2 4 2 2 1 4
16
23 23 29 33 36 41 41 44 47 48 58 69 75 75 80 87
TestCase-49
7
1 2 3 4 5 6 7
7
2 2 4 2 4 4 4
7
8 15 58 66 77 83 99
TestCase-50
15
1 2 3 4 5 6 7 8 9 10 11 12 13 14 15
15
2 3 3 4 4 1 3 3 1 2 2 3 4 1 4
15
10 10 12 20 21 24 50 61 69 69 88 89 95 97 97
TestCase-51
15
1 2 3 4 5 6 7 8 9 10 11 12 13 14 15
15
4 3 4 4 3 1 2 3 1 3 2 1 3 2 2
15
17 18 26 30 37 41 57 61 65 67 71 81 94 96 98
TestCase-52
3
1 2 3
3
4 1 2
3
15 72 96
TestCase-53
5
1 2 3 4 5
5
1 3 2 1 2
5
47 48 68 100 100
TestCase-54
10
1 2 3 4 5 6 7 8 9 10
10
3 4 3 3 4 2 2 4 4 4
10
8 15 19 20 32 49 55 73 96 98
TestCase-55
18
1 2 3 4 5 6 7 8 9 10 11 12 13 14 15 16 17 18
18
3 4 4 2 4 4 1 2 4 3 3 1 4 4 4 1 3 3
18
4 18 22 30 32 33 40 52 53 54 58 59 64 70 73 76 77 98
TestCase-56
18
1 2 3 4 5 6 7 8 9 10 11 12 13 14 15 16 17 18
18
4 1 2 1 4 1 3 1 3 2 4 2 3 2 4 2 1 4
18
1 11 17 20 25 31 38 40 45 55 55 57 60 62 65 70 88 98
TestCase-57
16
1 2 3 4 5 6 7 8 9 10 11 12 13 14 15 16
16
2 3 2 1 3 2 3 1 3 1 3 2 2 1 1 2
16
4 6 7 9 20 49 51 51 68 68 71 76 81 82 98 99
TestCase-58
9
1 2 3 4 5 6 7 8 9
9
3 2 1 1 3 4 2 3 4
9
11 16 26 57 62 64 69 85 95
TestCase-59
16
1 2 3 4 5 6 7 8 9 10 11 12 13 14 15 16
16
4 3 2 1 1 3 2 4 3 1 4 4 1 4 2 3
16
3 17 18 19 29 30 43 45 52 56 68 69 73 76 83 89
TestCase-60
4
1 2 3 4
4
2 2 3 2
4
12 54 62 65
TestCase-61
1
1
1
2
1
26
TestCase-62
1
1
1
4
1
26
TestCase-63
5
1 2 3 4 5
5
2 3 4 4 1
5
32 46 84 93 99
TestCase-64
7
1 2 3 4 5 6 7
7
1 1 4 1 1 4 4
7
6 12 27 74 87 91 92
TestCase-65
13
1 2 3 4 5 6 7 8 9 10 11 12 13
13
1 4 2 3 1 3 2 4 4 1 3 2 1
13
2 8 12 19 19 39 48 53 53 57 63 86 90
TestCase-66
5
1 2 3 4 5
5
2 3 2 4 3
5
15 20 60 72 82
TestCase-67
19
1 2 3 4 5 6 7 8 9 10 11 12 13 14 15 16 17 18 19
19
4 2 1 1 1 2 3 1 3 2 4 3 3 2 1 1 3 4 3
19
1 10 26 28 29 37 39 47 50 52 59 69 71 82 85 86 91 93 93
TestCase-68
19
1 2 3 4 5 6 7 8 9 10 11 12 13 14 15 16 17 18 19
19
2 4 4 4 4 1 1 1 3 4 2 3 4 4 3 4 2 3 4
19
5 10 13 33 35 36 38 39 45 65 73 73 73 79 84 84 87 88 92
TestCase-69
12
1 2 3 4 5 6 7 8 9 10 11 12
12
3 1 1 4 1 1 1 4 4 2 4 4
12
5 16 21 26 30 36 49 53 61 66 81 87
TestCase-70
15
1 2 3 4 5 6 7 8 9 10 11 12 13 14 15
15
1 4 1 3 4 4 2 1 2 1 2 1 2 2 4
15
22 24 25 31 37 40 43 46 56 69 86 87 87 94 94
TestCase-71
12
1 2 3 4 5 6 7 8 9 10 11 12
12
2 3 3 1 4 4 1 3 3 2 4 2
12
4 5 17 19 27 44 57 72 79 92 94 96
TestCase-72
3
1 2 3
3
3 2 2
3
17 31 77
TestCase-73
1
1
1
1
1
8
TestCase-74
18
1 2 3 4 5 6 7 8 9 10 11 12 13 14 15 16 17 18
18
2 4 3 2 1 3 2 4 4 3 4 2 2 2 3 1 1 1
18
17 17 25 28 31 33 35 40 47 51 53 67 69 73 79 88 89 92
TestCase-75
14
1 2 3 4 5 6 7 8 9 10 11 12 13 14
14
1 3 3 2 2 1 3 3 4 1 1 1 1 2
14
7 14 18 26 29 30 33 59 64 81 82 83 87 88
TestCase-76
12
1 2 3 4 5 6 7 8 9 10 11 12
12
3 1 4 1 2 2 3 1 4 3 1 3
12
3 6 7 15 50 55 69 69 73 90 97 99
TestCase-77
11
1 2 3 4 5 6 7 8 9 10 11
11
4 4 4 3 3 4 1 3 4 2 4
11
4 15 23 24 61 88 88 89 95 98 99
TestCase-78
2
1 2
2
4 2
2
16 76
TestCase-79
2
1 2
2
2 4
2
50 80
TestCase-80
9
1 2 3 4 5 6 7 8 9
9
1 3 4 3 4 1 1 2 1
9
36 42 56 61 61 64 66 66 90
TestCase-81
16
1 2 3 4 5 6 7 8 9 10 11 12 13 14 15 16
16
4 3 2 3 2 4 4 4 4 4 1 4 2 2 2 4
16
2 5 13 16 22 23 26 27 40 55 64 74 80 81 82 99
TestCase-82
5
1 2 3 4 5
5
2 2 3 3 4
5
22 55 57 65 70
TestCase-83
1
1
1
2
1
70
TestCase-84
7
1 2 3 4 5 6 7
7
3 2 2 4 4 1 2
7
7 32 43 66 90 93 98
TestCase-85
7
1 2 3 4 5 6 7
7
2 3 4 2 2 1 2
7
12 44 54 63 73 75 81
TestCase-86
4
1 2 3 4
4
4 3 1 4
4
17 32 56 73
TestCase-87
3
1 2 3
3
3 4 3
3
18 52 100
TestCase-88
19
1 2 3 4 5 6 7 8 9 10 11 12 13 14 15 16 17 18 19
19
4 1 1 2 4 1 2 1 3 1 3 3 2 2 2 1 1 4 3
19
3 6 6 12 16 31 53 55 71 78 78 78 78 81 89 89 90 95 97
TestCase-89
18
1 2 3 4 5 6 7 8 9 10 11 12 13 14 15 16 17 18
18
2 3 2 1 3 3 2 1 3 2 4 3 4 2 4 2 4 4
18
11 12 24 26 32 35 36 39 48 48 50 50 52 58 64 69 69 73
TestCase-90
10
1 2 3 4 5 6 7 8 9 10
10
3 4 2 4 2 2 4 4 3 1
10
7 21 35 40 45 47 49 56 58 77
TestCase-91
13
1 2 3 4 5 6 7 8 9 10 11 12 13
13
2 4 3 1 4 2 4 3 1 1 4 3 1
13
18 22 27 28 33 35 47 51 69 79 91 95 97
TestCase-92
8
1 2 3 4 5 6 7 8
8
3 2 1 4 1 1 3 2
8
15 24 44 57 57 61 82 89
TestCase-93
13
1 2 3 4 5 6 7 8 9 10 11 12 13
13
3 4 2 4 3 4 3 3 2 2 3 3 2
13
8 19 22 25 39 39 68 77 77 82 84 93 98
TestCase-94
17
1 2 3 4 5 6 7 8 9 10 11 12 13 14 15 16 17
17
3 1 2 1 3 2 4 2 4 4 4 2 1 4 1 2 3
17
2 6 10 14 19 22 25 45 58 62 71 77 84 85 86 95 99
TestCase-95
19
1 2 3 4 5 6 7 8 9 10 11 12 13 14 15 16 17 18 19
19
2 4 3 3 4 1 1 4 3 3 4 2 1 1 3 2 2 4 3
19
8 9 11 13 21 22 25 28 29 36 38 46 62 66 69 71 87 93 100
TestCase-96
11
1 2 3 4 5 6 7 8 9 10 11
11
4 3 1 3 4 4 3 1 4 2 4
11
7 30 34 37 40 47 50 65 76 78 96
TestCase-97
6
1 2 3 4 5 6
6
1 4 1 3 1 2
6
19 39 45 46 62 85
TestCase-98
3
1 2 3
3
1 2 2
3
2 63 78
TestCase-99
13
1 2 3 4 5 6 7 8 9 10 11 12 13
13
3 3 3 1 2 1 4 4 4 4 4 2 4
13
5 9 14 22 26 45 47 54 66 70 78 91 100
TestCase-100
16
1 2 3 4 5 6 7 8 9 10 11 12 13 14 15 16
16
4 2 3 4 4 4 2 4 1 3 3 4 4 4 2 4
16
16 37 40 42 49 50 56 59 62 64 76 87 89 91 92 100
TestCase-101
1
1
1
1
1
1
TestCase-102
2
1 2
2
1 3
2
1 1
TestCase-103
20
1 2 3 4 5 6 7 8 9 10 11 12 13 14 15 16 17 18 19 20
20
1 3 1 3 1 3 1 3 1 3 1 3 1 3 1 3 1 3 1 3
20
1 2 3 4 5 6 7 8 9 10 11 12 13 14 15 16 17 18 19 20
TestCase-104
20
1 2 3 4 5 6 7 8 9 10 11 12 13 14 15 16 17 18 19 20
20
2 1 4 1 3 2 4 4 3 1 3 3 3 2 1 2 2 2 3 1
20
1 1 1 1 1 1 1 1 1 1 1 1 1 1 1 1 1 1 1 1
TestCase-105
5
1 3 5 2 4
5
2 1 2 4 3
5
10 20 30 40 50
TestCase-106
5
1 2 3 4 5
5
2 4 3 3 1
5
10 20 30 40 40
TestCase-107
4
1 2 3 4
4
1 3 4 2
4
5 10 15 20
TestCase-108
6
1 2 3 4 5 6
6
2 3 3 4 1 2
6
1 2 3 4 5 6
